"","Tank","Enclosure","Vol Acetone","Vol Diluted","Chl-a concentraion","Treatment","days"
"1",1,"A",5,100,0.35424,5,1
"2",1,"B",5,100,0.26448,5,1
"3",1,"C",5,100,0.21504,5,1
"4",1,"D",5,100,0.38448,5,1
"5",1,"M",5,100,0.384,5,1
"6",2,"A",5,100,0.40896,0.4,1
"7",2,"B",5,100,0.59472,0.4,1
"8",2,"C",5,100,0.3792,0.4,1
"9",2,"D",5,100,1.04832,0.4,1
"10",2,"M",5,100,1.82352,0.4,1
"11",3,"A",5,100,0.67968,3,1
"12",3,"B",5,100,2.27424,3,1
"13",3,"C",5,100,6.85344,3,1
"14",3,"D",5,100,0.83136,3,1
"15",3,"M",5,100,2.72688,3,1
"16",4,"A",5,100,0.04272,0.4,1
"17",4,"B",5,100,0.0792,0.4,1
"18",4,"C",5,100,0.06528,0.4,1
"19",4,"D",5,100,0.09168,0.4,1
"20",4,"M",5,100,0.06432,0.4,1
"21",5,"A",5,100,0.14112,3,1
"22",5,"B",5,100,0.2952,3,1
"23",5,"C",5,100,0.144,3,1
"24",5,"D",5,100,0.13248,3,1
"25",5,"M",5,100,0.17376,3,1
"26",6,"A",5,100,1.6032,5,1
"27",6,"B",5,100,0.7632,5,1
"28",6,"C",5,100,4.21248,5,1
"29",6,"D",5,100,0.56688,5,1
"30",6,"M",5,100,2.8152,5,1
"31",7,"A",5,100,0.16416,3,1
"32",7,"B",5,100,0.1272,3,1
"33",7,"C",5,100,0.08784,3,1
"34",7,"D",5,100,0.13152,3,1
"35",7,"M",5,100,0.17376,3,1
"36",8,"A",5,100,1.30704,0.4,1
"37",8,"B",5,100,1.30416,0.4,1
"38",8,"C",5,100,1.40544,0.4,1
"39",8,"D",5,100,2.12208,0.4,1
"40",8,"M",5,100,1.2072,0.4,1
"41",9,"A",5,100,0.01536,5,1
"42",9,"B",5,100,1.9008,5,1
"43",9,"C",5,100,0.37392,5,1
"44",9,"D",5,100,1.16208,5,1
"45",9,"M",5,100,0.73008,5,1
"46",10,"A",5,100,0.54672,5,1
"47",10,"B",5,100,0.66528,5,1
"48",10,"C",5,100,0.62688,5,1
"49",10,"D",5,100,0.37632,5,1
"50",10,"M",5,100,1.9512,5,1
"51",11,"A",5,100,0.19728,3,1
"52",11,"B",5,100,0.17856,3,1
"53",11,"C",5,100,0.23568,3,1
"54",11,"D",5,100,0.14928,3,1
"55",11,"M",5,100,0.14592,3,1
"56",12,"A",5,100,6.9576,0.4,1
"57",12,"B",5,100,1.8912,0.4,1
"58",12,"C",5,100,2.5344,0.4,1
"59",12,"D",5,100,24.84192,0.4,1
"60",12,"M",5,100,1.55952,0.4,1
"61",13,"A",5,100,0.4488,3,1
"62",13,"B",5,100,0.2568,3,1
"63",13,"C",5,100,0.14784,3,1
"64",13,"D",5,100,0.228,3,1
"65",13,"M",5,100,0.09888,3,1
"66",14,"A",5,100,2.1768,0.4,1
"67",14,"B",5,100,0.61104,0.4,1
"68",14,"C",5,100,2.8152,0.4,1
"69",14,"D",5,100,3.92208,0.4,1
"70",14,"M",5,100,1.27488,0.4,1
"71",15,"A",5,100,0.20592,5,1
"72",15,"B",5,100,0.20112,5,1
"73",15,"C",5,100,0.10896,5,1
"74",15,"D",5,100,0.19056,5,1
"75",15,"M",5,100,0.36288,5,1
"76",1,"A",5,100,1.48,5,1
"77",1,"B",5,100,1.07,5,1
"78",1,"C",5,100,1.06,5,1
"79",1,"D",5,100,1.09,5,1
"80",1,"M",5,100,2.97,5,1
"81",1,"T",5,100,1.44,5,1
"82",2,"A",5,100,0.6,0.4,1
"83",2,"B",5,100,0.52,0.4,1
"84",2,"C",5,100,0.44,0.4,1
"85",2,"D",5,100,0.58,0.4,1
"86",2,"M",5,100,1.9,0.4,1
"87",2,"T",5,100,0.53,0.4,1
"88",3,"A",5,100,0.57,3,1
"89",3,"B",5,100,0.85,3,1
"90",3,"C",5,100,0.62,3,1
"91",3,"D",5,100,1.03,3,1
"92",3,"M",5,100,3.08,3,1
"93",3,"T",5,100,1.02,3,1
"94",4,"A",5,100,0.08,0.4,1
"95",4,"B",5,100,0.15,0.4,1
"96",4,"C",5,100,0.15,0.4,1
"97",4,"D",5,100,0.12,0.4,1
"98",4,"M",5,100,0.11,0.4,1
"99",4,"T",5,100,0.25,0.4,1
"100",5,"A",5,100,0.36,3,1
"101",5,"B",5,100,0.47,3,1
"102",5,"C",5,100,0.33,3,1
"103",5,"D",5,100,0.46,3,1
"104",5,"M",5,100,0.79,3,1
"105",5,"T",5,100,0.43,3,1
"106",6,"A",5,100,3.95,5,1
"107",6,"B",5,100,4.06,5,1
"108",6,"C",5,100,1.82,5,1
"109",6,"D",5,100,5.07,5,1
"110",6,"M",5,100,7.71,5,1
"111",6,"T",5,100,7.88,5,1
"112",7,"A",5,100,0.55,3,1
"113",7,"B",5,100,0.44,3,1
"114",7,"C",5,100,0.6,3,1
"115",7,"D",5,100,0.32,3,1
"116",7,"M",5,100,0.53,3,1
"117",7,"T",5,100,0.38,3,1
"118",8,"A",5,100,1.95,0.4,1
"119",8,"B",5,100,2.08,0.4,1
"120",8,"C",5,100,2.91,0.4,1
"121",8,"D",5,100,2.13,0.4,1
"122",8,"M",5,100,2.52,0.4,1
"123",8,"T",5,100,3.97,0.4,1
"124",9,"A",5,100,1.73,5,1
"125",9,"B",5,100,2.66,5,1
"126",9,"C",5,100,1.67,5,1
"127",9,"D",5,100,1.98,5,1
"128",9,"M",5,100,8.22,5,1
"129",9,"T",5,100,2.82,5,1
"130",10,"A",5,100,3.69,5,1
"131",10,"B",5,100,3.75,5,1
"132",10,"C",5,100,5.34,5,1
"133",10,"D",5,100,2.94,5,1
"134",10,"M",5,100,11.16,5,1
"135",10,"T",5,100,16.51,5,1
"136",11,"A",5,100,0.74,3,1
"137",11,"B",5,100,1.18,3,1
"138",11,"C",5,100,1.13,3,1
"139",11,"D",5,100,1.91,3,1
"140",11,"M",5,100,1.02,3,1
"141",11,"T",5,100,0.72,3,1
"142",12,"A",5,100,7.33,0.4,1
"143",12,"B",5,100,4.37,0.4,1
"144",12,"C",5,100,3.46,0.4,1
"145",12,"D",5,100,4.5,0.4,1
"146",12,"M",5,100,12.69,0.4,1
"147",12,"T",5,100,6.86,0.4,1
"148",13,"A",5,100,0.27,3,1
"149",13,"B",5,100,0.18,3,1
"150",13,"C",5,100,0.15,3,12
"151",13,"D",5,100,0.12,3,12
"152",13,"M",5,100,0.2,3,12
"153",13,"T",5,100,0.12,3,12
"154",14,"A",5,100,1.1,0.4,12
"155",14,"B",5,100,1.07,0.4,12
"156",14,"C",5,100,1.04,0.4,12
"157",14,"D",5,100,1.5,0.4,12
"158",14,"M",5,100,1.2,0.4,12
"159",14,"T",5,100,1.83,0.4,12
"160",15,"A",5,100,1.05,5,12
"161",15,"B",5,100,2.82,5,12
"162",15,"C",5,100,3.49,5,12
"163",15,"D",5,100,2.57,5,12
"164",15,"M",5,100,14.78,5,12
"165",15,"T",5,100,27.85,5,12
"166",1,"A",5,100,1.41,5,12
"167",1,"B",5,100,1.13,5,12
"168",1,"C",5,100,0.79,5,12
"169",1,"D",5,100,1.22,5,12
"170",1,"M",5,100,1.67,5,12
"171",1,"T",5,100,1.41,5,12
"172",2,"A",5,100,0.52,0.4,12
"173",2,"B",5,100,0.59,0.4,12
"174",2,"C",5,100,0.55,0.4,12
"175",2,"D",5,100,0.51,0.4,12
"176",2,"M",5,100,1.37,0.4,12
"177",2,"T",5,100,0.57,0.4,12
"178",3,"A",5,100,2.69,3,12
"179",3,"B",5,100,2.42,3,12
"180",3,"C",5,100,1.69,3,12
"181",3,"D",5,100,1.64,3,12
"182",3,"M",5,100,4.33,3,12
"183",3,"T",5,100,1.93,3,12
"184",4,"A",5,100,0.26,0.4,12
"185",4,"B",5,100,0.18,0.4,12
"186",4,"C",5,100,0.16,0.4,12
"187",4,"D",5,100,0.09,0.4,12
"188",4,"M",5,100,0.27,0.4,12
"189",4,"T",5,100,0.09,0.4,12
"190",5,"A",5,100,1.19,3,12
"191",5,"B",5,100,1.23,3,12
"192",5,"C",5,100,0.7,3,12
"193",5,"D",5,100,1.79,3,12
"194",5,"M",5,100,2.13,3,12
"195",5,"T",5,100,0.98,3,12
"196",6,"A",5,100,2.83,5,12
"197",6,"B",5,100,3.75,5,12
"198",6,"C",5,100,3.64,5,12
"199",6,"D",5,100,3.33,5,12
"200",6,"M",5,100,8.1,5,12
"201",6,"T",5,100,3.55,5,12
"202",7,"A",5,100,4.78,3,12
"203",7,"B",5,100,3.83,3,12
"204",7,"C",5,100,3.9,3,12
"205",7,"D",5,100,3.79,3,12
"206",7,"M",5,100,4.29,3,12
"207",7,"T",5,100,4.4,3,12
"208",8,"A",5,100,1.74,0.4,12
"209",8,"B",5,100,1.27,0.4,12
"210",8,"C",5,100,1.29,0.4,12
"211",8,"D",5,100,1.99,0.4,12
"212",8,"M",5,100,2.97,0.4,12
"213",8,"T",5,100,1.65,0.4,12
"214",9,"A",5,100,2.16,5,12
"215",9,"B",5,100,2.31,5,12
"216",9,"C",5,100,2.4,5,12
"217",9,"D",5,100,2.47,5,12
"218",9,"M",5,100,4.12,5,12
"219",9,"T",5,100,2.34,5,12
"220",10,"A",5,100,10,5,12
"221",10,"B",5,100,16.62,5,12
"222",10,"C",5,100,14.55,5,12
"223",10,"D",5,100,23.29,5,12
"224",10,"M",5,100,26.05,5,12
"225",10,"T",5,100,26.75,5,12
"226",11,"A",5,100,0.93,3,12
"227",11,"B",5,100,1.91,3,12
"228",11,"C",5,100,1.15,3,12
"229",11,"D",5,100,1.14,3,12
"230",11,"M",5,100,3.68,3,12
"231",11,"T",5,100,1.37,3,12
"232",12,"A",5,100,0.23,0.4,12
"233",12,"B",5,100,0.42,0.4,12
"234",12,"C",5,100,0.28,0.4,12
"235",12,"D",5,100,0.27,0.4,12
"236",12,"M",5,100,0.58,0.4,12
"237",12,"T",5,100,0.35,0.4,12
"238",13,"A",5,100,0.1,3,12
"239",13,"B",5,100,0.16,3,12
"240",13,"C",5,100,0.15,3,26
"241",13,"D",5,100,0.13,3,26
"242",13,"M",5,100,0.8,3,26
"243",13,"T",5,100,0.08,3,26
"244",14,"A",5,100,0.84,0.4,26
"245",14,"B",5,100,0.83,0.4,26
"246",14,"C",5,100,0.96,0.4,26
"247",14,"D",5,100,1.01,0.4,26
"248",14,"M",5,100,1.37,0.4,26
"249",14,"T",5,100,0.89,0.4,26
"250",15,"A",5,100,7.48,5,26
"251",15,"B",5,100,4.61,5,26
"252",15,"C",5,100,4.66,5,26
"253",15,"D",5,100,6.02,5,26
"254",15,"M",5,100,10.33,5,26
"255",15,"T",5,100,7.2,5,26
"256",1,"A",5,100,1.35,5,26
"257",1,"B",5,100,1.17,5,26
"258",1,"C",5,100,0.87,5,26
"259",1,"D",5,100,1.17,5,26
"260",1,"M",5,100,2.36,5,26
"261",1,"T",5,100,1.07,5,26
"262",2,"A",5,100,0.39,0.4,26
"263",2,"B",5,100,0.34,0.4,26
"264",2,"C",5,100,0.39,0.4,26
"265",2,"D",5,100,0.49,0.4,26
"266",2,"M",5,100,5.06,0.4,26
"267",2,"T",5,100,0.46,0.4,26
"268",3,"A",5,100,1.23,3,26
"269",3,"B",5,100,1.11,3,26
"270",3,"C",5,100,1.22,3,26
"271",3,"D",5,100,1.73,3,26
"272",3,"M",5,100,1.51,3,26
"273",3,"T",5,100,1.23,3,26
"274",4,"A",5,100,0.15,0.4,26
"275",4,"B",5,100,0.17,0.4,26
"276",4,"C",5,100,0.39,0.4,26
"277",4,"D",5,100,0.4,0.4,26
"278",4,"M",5,100,0.7,0.4,26
"279",4,"T",5,100,0.08,0.4,26
"280",5,"A",5,100,0.69,3,26
"281",5,"B",5,100,0.71,3,26
"282",5,"C",5,100,0.75,3,26
"283",5,"D",5,100,1.05,3,26
"284",5,"M",5,100,3.23,3,26
"285",5,"T",5,100,1.01,3,26
"286",6,"A",5,100,2.53,5,26
"287",6,"B",5,100,2.66,5,26
"288",6,"C",5,100,2.96,5,26
"289",6,"D",5,100,2.72,5,26
"290",6,"M",5,100,5.57,5,26
"291",6,"T",5,100,3.7,5,26
"292",7,"A",5,100,1.74,3,26
"293",7,"B",5,100,2.41,3,26
"294",7,"C",5,100,4.29,3,26
"295",7,"D",5,100,1.79,3,26
"296",7,"M",5,100,4.22,3,26
"297",7,"T",5,100,2.39,3,26
"298",8,"A",5,100,1.06,0.4,26
"299",8,"B",5,100,0.6,0.4,26
"300",8,"C",5,100,1.12,0.4,26
"301",8,"D",5,100,1.47,0.4,26
"302",8,"M",5,100,2.24,0.4,26
"303",8,"T",5,100,1.22,0.4,26
"304",9,"A",5,100,8.2,5,26
"305",9,"B",5,100,7.66,5,26
"306",9,"C",5,100,10.74,5,26
"307",9,"D",5,100,10.67,5,26
"308",9,"M",5,100,7.39,5,26
"309",9,"T",5,100,4.38,5,26
"310",10,"A",5,100,1.75,5,26
"311",10,"B",5,100,1.92,5,26
"312",10,"C",5,100,0.7,5,26
"313",10,"D",5,100,2.43,5,26
"314",10,"M",5,100,5.48,5,26
"315",10,"T",5,100,1.59,5,26
"316",11,"A",5,100,0.24,3,26
"317",11,"B",5,100,0.19,3,26
"318",11,"C",5,100,0.22,3,26
"319",11,"D",5,100,0.27,3,26
"320",11,"M",5,100,0.74,3,26
"321",11,"T",5,100,0.33,3,26
"322",12,"A",5,100,0.72,0.4,26
"323",12,"B",5,100,0.73,0.4,26
"324",12,"C",5,100,0.82,0.4,26
"325",12,"D",5,100,0.44,0.4,26
"326",12,"M",5,100,2.22,0.4,26
"327",12,"T",5,100,0.55,0.4,26
"328",13,"A",5,100,0.47,3,26
"329",13,"B",5,100,0.44,3,26
"330",13,"C",5,100,0.69,3,40
"331",13,"D",5,100,0.35,3,40
"332",13,"M",5,100,2.29,3,40
"333",13,"T",5,100,0.45,3,40
"334",14,"A",5,100,0.45,0.4,40
"335",14,"B",5,100,0.12,0.4,40
"336",14,"C",5,100,0.47,0.4,40
"337",14,"D",5,100,0.32,0.4,40
"338",14,"M",5,100,1.2,0.4,40
"339",14,"T",5,100,0.58,0.4,40
"340",15,"A",5,100,6.22,5,40
"341",15,"B",5,100,7.17,5,40
"342",15,"C",5,100,4.02,5,40
"343",15,"D",5,100,4.51,5,40
"344",15,"M",5,100,4.8,5,40
"345",15,"T",5,100,5.45,5,40
"346",1,"A",5,100,2.09,5,40
"347",1,"B",5,100,2.22,5,40
"348",1,"C",5,100,1.93,5,40
"349",1,"D",5,100,1.99,5,40
"350",1,"M",5,100,5.25,5,40
"351",1,"T",5,100,1.84,5,40
"352",2,"A",5,100,0.35,0.4,40
"353",2,"B",5,100,0.46,0.4,40
"354",2,"C",5,100,0.62,0.4,40
"355",2,"D",5,100,0.39,0.4,40
"356",2,"M",5,100,3.35,0.4,40
"357",2,"T",5,100,0.46,0.4,40
"358",3,"A",5,100,6.39,3,40
"359",3,"B",5,100,6.29,3,40
"360",3,"C",5,100,6.81,3,40
"361",3,"D",5,100,7.21,3,40
"362",3,"M",5,100,12.18,3,40
"363",3,"T",5,100,7.4,3,40
"364",4,"A",5,100,0.16,0.4,40
"365",4,"B",5,100,0.17,0.4,40
"366",4,"C",5,100,0.13,0.4,40
"367",4,"D",5,100,0.14,0.4,40
"368",4,"M",5,100,0.49,0.4,40
"369",4,"T",5,100,0.25,0.4,40
"370",5,"A",5,100,1.18,3,40
"371",5,"B",5,100,0.89,3,40
"372",5,"C",5,100,0.9,3,40
"373",5,"D",5,100,1.04,3,40
"374",5,"M",5,100,5.53,3,40
"375",5,"T",5,100,1.06,3,40
"376",6,"A",5,100,7.59,5,40
"377",6,"B",5,100,7.95,5,40
"378",6,"C",5,100,7.64,5,40
"379",6,"D",5,100,6.77,5,40
"380",6,"M",5,100,29.26,5,40
"381",6,"T",5,100,8.05,5,40
"382",7,"A",5,100,0.72,3,40
"383",7,"B",5,100,0.67,3,40
"384",7,"C",5,100,1.57,3,40
"385",7,"D",5,100,0.54,3,40
"386",7,"M",5,100,3.84,3,40
"387",7,"T",5,100,0.71,3,40
"388",8,"A",5,100,2.48,0.4,40
"389",8,"B",5,100,2.93,0.4,40
"390",8,"C",5,100,4.28,0.4,40
"391",8,"D",5,100,2.59,0.4,40
"392",8,"M",5,100,5.09,0.4,40
"393",8,"T",5,100,4.71,0.4,40
"394",9,"A",5,100,19.79,5,40
"395",9,"B",5,100,19.59,5,40
"396",9,"C",5,100,19.93,5,40
"397",9,"D",5,100,20.17,5,40
"398",9,"M",5,100,19.63,5,40
"399",9,"T",5,100,19.71,5,40
"400",10,"A",5,100,0.59,5,40
"401",10,"B",5,100,0.63,5,40
"402",10,"C",5,100,0.52,5,40
"403",10,"D",5,100,0.72,5,40
"404",10,"M",5,100,5.21,5,40
"405",10,"T",5,100,1.04,5,40
"406",11,"A",5,100,0.39,3,40
"407",11,"B",5,100,0.42,3,40
"408",11,"C",5,100,0.42,3,40
"409",11,"D",5,100,1,3,40
"410",11,"M",5,100,0.87,3,40
"411",11,"T",5,100,0.54,3,40
"412",12,"A",5,100,0.63,0.4,40
"413",12,"B",5,100,0.73,0.4,40
"414",12,"C",5,100,0.83,0.4,40
"415",12,"D",5,100,0.95,0.4,40
"416",12,"M",5,100,2.85,0.4,40
"417",12,"T",5,100,1.16,0.4,40
"418",13,"A",5,100,0.74,3,40
"419",13,"B",5,100,0.63,3,40
"420",13,"C",5,100,1.18,3,54
"421",13,"D",5,100,1.63,3,54
"422",13,"M",5,100,1.85,3,54
"423",13,"T",5,100,1,3,54
"424",14,"A",5,100,0.32,0.4,54
"425",14,"B",5,100,0.34,0.4,54
"426",14,"C",5,100,0.44,0.4,54
"427",14,"D",5,100,0.38,0.4,54
"428",14,"M",5,100,1.49,0.4,54
"429",14,"T",5,100,0.43,0.4,54
"430",15,"A",5,100,6.62,5,54
"431",15,"B",5,100,5.45,5,54
"432",15,"C",5,100,8.32,5,54
"433",15,"D",5,100,5.72,5,54
"434",15,"M",5,100,16.45,5,54
"435",15,"T",5,100,13.89,5,54
"436",1,"A",5,100,3.71,5,54
"437",1,"B",5,100,3.15,5,54
"438",1,"C",5,100,5.92,5,54
"439",1,"D",5,100,5.07,5,54
"440",1,"M",5,100,9.46,5,54
"441",1,"T",5,100,5.55,5,54
"442",2,"A",5,100,0.58,0.4,54
"443",2,"B",5,100,0.57,0.4,54
"444",2,"C",5,100,0.88,0.4,54
"445",2,"D",5,100,0.78,0.4,54
"446",2,"M",5,100,6.23,0.4,54
"447",2,"T",5,100,0.58,0.4,54
"448",3,"A",5,100,2.68,3,54
"449",3,"B",5,100,2.7,3,54
"450",3,"C",5,100,2.79,3,54
"451",3,"D",5,100,2.52,3,54
"452",3,"M",5,100,3.3,3,54
"453",3,"T",5,100,2.99,3,54
"454",4,"A",5,100,0.43,0.4,54
"455",4,"B",5,100,0.42,0.4,54
"456",4,"C",5,100,0.43,0.4,54
"457",4,"D",5,100,0.5,0.4,54
"458",4,"M",5,100,1.43,0.4,54
"459",4,"T",5,100,0.63,0.4,54
"460",5,"A",5,100,1.06,3,54
"461",5,"B",5,100,0.95,3,54
"462",5,"C",5,100,0.97,3,54
"463",5,"D",5,100,0.96,3,54
"464",5,"M",5,100,1.28,3,54
"465",5,"T",5,100,0.91,3,54
"466",6,"A",5,100,3.1,5,54
"467",6,"B",5,100,3.89,5,54
"468",6,"C",5,100,4.99,5,54
"469",6,"D",5,100,5.05,5,54
"470",6,"M",5,100,5.42,5,54
"471",6,"T",5,100,4.77,5,54
"472",7,"A",5,100,1.15,3,54
"473",7,"B",5,100,1.15,3,54
"474",7,"C",5,100,2.08,3,54
"475",7,"D",5,100,1.17,3,54
"476",7,"M",5,100,4.46,3,54
"477",7,"T",5,100,2.12,3,54
"478",8,"A",5,100,2.91,0.4,54
"479",8,"B",5,100,2.39,0.4,54
"480",8,"C",5,100,2.84,0.4,54
"481",8,"D",5,100,2.5,0.4,54
"482",8,"M",5,100,3.48,0.4,54
"483",8,"T",5,100,4.57,0.4,54
"484",9,"A",5,100,46.65,5,54
"485",9,"B",5,100,47.97,5,54
"486",9,"C",5,100,38.27,5,54
"487",9,"D",5,100,36.97,5,54
"488",9,"M",5,100,33.98,5,54
"489",9,"T",5,100,45.21,5,54
"490",10,"A",5,100,1.13,5,54
"491",10,"B",5,100,1.1,5,54
"492",10,"C",5,100,1,5,54
"493",10,"D",5,100,0.96,5,54
"494",10,"M",5,100,4.22,5,54
"495",10,"T",5,100,0.67,5,54
"496",11,"A",5,100,1.41,3,54
"497",11,"B",5,100,0.63,3,54
"498",11,"C",5,100,0.74,3,54
"499",11,"D",5,100,1.57,3,54
"500",11,"M",5,100,25.45,3,54
"501",11,"T",5,100,0.67,3,54
"502",12,"A",5,100,10.56,0.4,54
"503",12,"B",5,100,6.56,0.4,54
"504",12,"C",5,100,5.61,0.4,54
"505",12,"D",5,100,7.2,0.4,54
"506",12,"M",5,100,7.16,0.4,54
"507",12,"T",5,100,3.74,0.4,54
"508",13,"A",5,100,9.93,3,54
"509",13,"B",5,100,8.64,3,54
"510",13,"C",5,100,11.65,3,68
"511",13,"D",5,100,12.13,3,68
"512",13,"M",5,100,26.95,3,68
"513",13,"T",5,100,20.97,3,68
"514",14,"A",5,100,0.82,0.4,68
"515",14,"B",5,100,0.92,0.4,68
"516",14,"C",5,100,0.71,0.4,68
"517",14,"D",5,100,1.18,0.4,68
"518",14,"M",5,100,0.89,0.4,68
"519",14,"T",5,100,0.57,0.4,68
"520",15,"A",5,100,1.6,5,68
"521",15,"B",5,100,0.93,5,68
"522",15,"C",5,100,1.32,5,68
"523",15,"D",5,100,1.86,5,68
"524",15,"M",5,100,2.36,5,68
"525",15,"T",5,100,0.8,5,68
"526",1,"A",5,100,3.17,5,68
"527",1,"B",5,100,2.96,5,68
"528",1,"C",5,100,2.11,5,68
"529",1,"D",5,100,3.47,5,68
"530",1,"M",5,100,4.38,5,68
"531",1,"T",5,100,4,5,68
"532",2,"A",5,100,0.79,0.4,68
"533",2,"B",5,100,0.95,0.4,68
"534",2,"C",5,100,4.07,0.4,68
"535",2,"D",5,100,0.84,0.4,68
"536",2,"M",5,100,7.57,0.4,68
"537",2,"T",5,100,0.95,0.4,68
"538",3,"A",5,100,0.68,3,68
"539",3,"B",5,100,0.58,3,68
"540",3,"C",5,100,0.53,3,68
"541",3,"D",5,100,0.56,3,68
"542",3,"M",5,100,2.52,3,68
"543",3,"T",5,100,0.62,3,68
"544",4,"A",5,100,0.28,0.4,68
"545",4,"B",5,100,0.14,0.4,68
"546",4,"C",5,100,0.07,0.4,68
"547",4,"D",5,100,0.05,0.4,68
"548",4,"M",5,100,2.25,0.4,68
"549",4,"T",5,100,0.12,0.4,68
"550",5,"A",5,100,0.67,3,68
"551",5,"B",5,100,0.93,3,68
"552",5,"C",5,100,0.85,3,68
"553",5,"D",5,100,0.7,3,68
"554",5,"M",5,100,2.22,3,68
"555",5,"T",5,100,0.75,3,68
"556",6,"A",5,100,0.89,5,68
"557",6,"B",5,100,1.17,5,68
"558",6,"C",5,100,1.37,5,68
"559",6,"D",5,100,0.81,5,68
"560",6,"M",5,100,1.81,5,68
"561",6,"T",5,100,0.73,5,68
"562",7,"A",5,100,2.78,3,68
"563",7,"B",5,100,1.34,3,68
"564",7,"C",5,100,3.05,3,68
"565",7,"D",5,100,3.78,3,68
"566",7,"M",5,100,10.85,3,68
"567",7,"T",5,100,2.04,3,68
"568",8,"A",5,100,2.75,0.4,68
"569",8,"B",5,100,2.3,0.4,68
"570",8,"C",5,100,3.2,0.4,68
"571",8,"D",5,100,2.51,0.4,68
"572",8,"M",5,100,5.75,0.4,68
"573",8,"T",5,100,3.51,0.4,68
"574",9,"A",5,100,21.95,5,68
"575",9,"B",5,100,21.25,5,68
"576",9,"C",5,100,22.24,5,68
"577",9,"D",5,100,21.55,5,68
"578",9,"M",5,100,19.84,5,68
"579",9,"T",5,100,23.79,5,68
"580",10,"A",5,100,4.92,5,68
"581",10,"B",5,100,1.47,5,68
"582",10,"C",5,100,3.17,5,68
"583",10,"D",5,100,0.98,5,68
"584",10,"M",5,100,5.14,5,68
"585",10,"T",5,100,0.86,5,68
"586",11,"A",5,100,3.69,3,68
"587",11,"B",5,100,0.46,3,68
"588",11,"C",5,100,1.87,3,68
"589",11,"D",5,100,0.66,3,68
"590",11,"M",5,100,24.3,3,68
"591",11,"T",5,100,2.6,3,68
"592",12,"A",5,100,15.83,0.4,68
"593",12,"B",5,100,5.03,0.4,68
"594",12,"C",5,100,8.99,0.4,68
"595",12,"D",5,100,8.33,0.4,68
"596",12,"M",5,100,16.02,0.4,68
"597",12,"T",5,100,6.56,0.4,68
"598",13,"A",5,100,2.76,3,68
"599",13,"B",5,100,2.02,3,68
"600",13,"C",5,100,2.98,3,82
"601",13,"D",5,100,1.55,3,82
"602",13,"M",5,100,24.4,3,82
"603",13,"T",5,100,2.77,3,82
"604",14,"A",5,100,1.26,0.4,82
"605",14,"B",5,100,0.59,0.4,82
"606",14,"C",5,100,0.72,0.4,82
"607",14,"D",5,100,0.78,0.4,82
"608",14,"M",5,100,2.86,0.4,82
"609",14,"T",5,100,0.59,0.4,82
"610",15,"A",5,100,1.27,5,82
"611",15,"B",5,100,0.67,5,82
"612",15,"C",5,100,0.84,5,82
"613",15,"D",5,100,1,5,82
"614",15,"M",5,100,5.76,5,82
"615",15,"T",5,100,0.51,5,82
"616",1,"A",5,100,1.35,5,82
"617",1,"B",5,100,1.51,5,82
"618",1,"C",5,100,0.83,5,82
"619",1,"D",5,100,4.53,5,82
"620",1,"M",5,100,1.86,5,82
"621",1,"T",5,100,1.37,5,82
"622",2,"A",5,100,1.08,0.4,82
"623",2,"B",5,100,1.27,0.4,82
"624",2,"C",5,100,3.53,0.4,82
"625",2,"D",5,100,2.32,0.4,82
"626",2,"M",5,100,6.98,0.4,82
"627",2,"T",5,100,1.14,0.4,82
"628",3,"A",5,100,0.51,3,82
"629",3,"B",5,100,1.01,3,82
"630",3,"C",5,100,0.86,3,82
"631",3,"D",5,100,0.84,3,82
"632",3,"M",5,100,2.17,3,82
"633",3,"T",5,100,2.01,3,82
"634",4,"A",5,100,0.35,0.4,82
"635",4,"B",5,100,0.27,0.4,82
"636",4,"C",5,100,0.28,0.4,82
"637",4,"D",5,100,0.52,0.4,82
"638",4,"M",5,100,0.51,0.4,82
"639",4,"T",5,100,0.24,0.4,82
"640",5,"A",5,100,0.88,3,82
"641",5,"B",5,100,0.86,3,82
"642",5,"C",5,100,0.97,3,82
"643",5,"D",5,100,1.07,3,82
"644",5,"M",5,100,1.09,3,82
"645",5,"T",5,100,0.79,3,82
"646",6,"A",5,100,0.33,5,82
"647",6,"B",5,100,0.58,5,82
"648",6,"C",5,100,1.52,5,82
"649",6,"D",5,100,0.63,5,82
"650",6,"M",5,100,2.58,5,82
"651",6,"T",5,100,0.56,5,82
"652",7,"A",5,100,0.73,3,82
"653",7,"B",5,100,1.16,3,82
"654",7,"C",5,100,3.43,3,82
"655",7,"D",5,100,2.29,3,82
"656",7,"M",5,100,2.46,3,82
"657",7,"T",5,100,1.15,3,82
"658",8,"A",5,100,3.73,0.4,82
"659",8,"B",5,100,2.04,0.4,82
"660",8,"C",5,100,3.67,0.4,82
"661",8,"D",5,100,1.45,0.4,82
"662",8,"M",5,100,4.55,0.4,82
"663",8,"T",5,100,5.32,0.4,82
"664",9,"A",5,100,8.46,5,82
"665",9,"B",5,100,11.39,5,82
"666",9,"C",5,100,10.78,5,82
"667",9,"D",5,100,8.1,5,82
"668",9,"M",5,100,10.98,5,82
"669",9,"T",5,100,10.45,5,82
"670",10,"A",5,100,0.9,5,82
"671",10,"B",5,100,1.01,5,82
"672",10,"C",5,100,1.34,5,82
"673",10,"D",5,100,0.79,5,82
"674",10,"M",5,100,3.52,5,82
"675",10,"T",5,100,1.14,5,82
"676",11,"A",5,100,5.48,3,82
"677",11,"B",5,100,0.61,3,82
"678",11,"C",5,100,1.72,3,82
"679",11,"D",5,100,3.12,3,82
"680",11,"M",5,100,3.71,3,82
"681",11,"T",5,100,0.87,3,82
"682",12,"A",5,100,6.65,0.4,82
"683",12,"B",5,100,3.47,0.4,82
"684",12,"C",5,100,4.42,0.4,82
"685",12,"D",5,100,4.54,0.4,82
"686",12,"M",5,100,7.42,0.4,82
"687",12,"T",5,100,4.91,0.4,82
"688",13,"A",5,100,1.55,3,82
"689",13,"B",5,100,1.06,3,82
"690",13,"C",5,100,1.38,3,96
"691",13,"D",5,100,2.26,3,96
"692",13,"M",5,100,3.17,3,96
"693",13,"T",5,100,1.01,3,96
"694",14,"A",5,100,1.19,0.4,96
"695",14,"B",5,100,1.08,0.4,96
"696",14,"C",5,100,0.93,0.4,96
"697",14,"D",5,100,1.26,0.4,96
"698",14,"M",5,100,2.99,0.4,96
"699",14,"T",5,100,0.75,0.4,96
"700",15,"A",5,100,0.97,5,96
"701",15,"B",5,100,1.76,5,96
"702",15,"C",5,100,1.27,5,96
"703",15,"D",5,100,1.14,5,96
"704",15,"M",5,100,2.34,5,96
"705",15,"T",5,100,2.13,5,96
"706",1,"A",5,100,1.17,5,96
"707",1,"B",5,100,1.57,5,96
"708",1,"C",5,100,0.94,5,96
"709",1,"D",5,100,2.07,5,96
"710",1,"M",5,100,1.16,5,96
"711",1,"T",5,100,1.51,5,96
"712",2,"A",5,100,0.83,0.4,96
"713",2,"B",5,100,0.84,0.4,96
"714",2,"C",5,100,1.03,0.4,96
"715",2,"D",5,100,0.94,0.4,96
"716",2,"M",5,100,2.03,0.4,96
"717",2,"T",5,100,1.8,0.4,96
"718",3,"A",5,100,0.53,3,96
"719",3,"B",5,100,0.69,3,96
"720",3,"C",5,100,0.43,3,96
"721",3,"D",5,100,0.52,3,96
"722",3,"M",5,100,1.99,3,96
"723",3,"T",5,100,0.66,3,96
"724",4,"A",5,100,0.7,0.4,96
"725",4,"B",5,100,1.65,0.4,96
"726",4,"C",5,100,0.44,0.4,96
"727",4,"D",5,100,1.24,0.4,96
"728",4,"M",5,100,1.25,0.4,96
"729",4,"T",5,100,0.88,0.4,96
"730",5,"A",5,100,0.78,3,96
"731",5,"B",5,100,0.63,3,96
"732",5,"C",5,100,0.47,3,96
"733",5,"D",5,100,0.43,3,96
"734",5,"M",5,100,0.47,3,96
"735",5,"T",5,100,0.97,3,96
"736",6,"A",5,100,0.42,5,96
"737",6,"B",5,100,0.78,5,96
"738",6,"C",5,100,0.85,5,96
"739",6,"D",5,100,0.44,5,96
"740",6,"M",5,100,0.65,5,96
"741",6,"T",5,100,0.51,5,96
"742",7,"A",5,100,0.68,3,96
"743",7,"B",5,100,0.65,3,96
"744",7,"C",5,100,1.59,3,96
"745",7,"D",5,100,2.76,3,96
"746",7,"M",5,100,4.97,3,96
"747",7,"T",5,100,0.59,3,96
"748",8,"A",5,100,1.44,0.4,96
"749",8,"B",5,100,1.45,0.4,96
"750",8,"C",5,100,3.69,0.4,96
"751",8,"D",5,100,1.85,0.4,96
"752",8,"M",5,100,5.46,0.4,96
"753",8,"T",5,100,5.24,0.4,96
"754",9,"A",5,100,7.89,5,96
"755",9,"B",5,100,8.32,5,96
"756",9,"C",5,100,8.86,5,96
"757",9,"D",5,100,6.96,5,96
"758",9,"M",5,100,8.3,5,96
"759",9,"T",5,100,9.24,5,96
"760",10,"A",5,100,0.89,5,96
"761",10,"B",5,100,3.01,5,96
"762",10,"C",5,100,1.26,5,96
"763",10,"D",5,100,0.86,5,96
"764",10,"M",5,100,1.83,5,96
"765",10,"T",5,100,1.86,5,96
"766",11,"A",5,100,2.71,3,96
"767",11,"B",5,100,8.24,3,96
"768",11,"C",5,100,1.5,3,96
"769",11,"D",5,100,1.12,3,96
"770",11,"M",5,100,47.01,3,96
"771",11,"T",5,100,0.49,3,96
"772",12,"A",5,100,4.69,0.4,96
"773",12,"B",5,100,1.32,0.4,96
"774",12,"C",5,100,0.68,0.4,96
"775",12,"D",5,100,2.03,0.4,96
"776",12,"M",5,100,3.17,0.4,96
"777",12,"T",5,100,0.62,0.4,96
"778",13,"A",5,100,0.63,3,96
"779",13,"B",5,100,0.63,3,96
"780",13,"C",5,100,0.42,3,117
"781",13,"D",5,100,1.76,3,117
"782",13,"M",5,100,2.65,3,117
"783",13,"T",5,100,0.88,3,117
"784",14,"A",5,100,3.3,0.4,117
"785",14,"B",5,100,2.84,0.4,117
"786",14,"C",5,100,2.64,0.4,117
"787",14,"D",5,100,2.59,0.4,117
"788",14,"M",5,100,2.82,0.4,117
"789",14,"T",5,100,4.13,0.4,117
"790",15,"A",5,100,1.78,5,117
"791",15,"B",5,100,2.57,5,117
"792",15,"C",5,100,1.08,5,117
"793",15,"D",5,100,1.11,5,117
"794",15,"M",5,100,1.8,5,117
"795",15,"T",5,100,2.95,5,117
