"","Date.x","Tank","Enclosure","Block","Treatment","Density.at.t.1","Current.Desnity","Weight.w..Dead","Total.Weight..g.","Current.Density","days.x","PredT","Chl.a.concentration","denI","Temp","Salinity","pH","DO.","DOMgL","Bubbled","Rain","days.y","days","Mass..g..","cumulative_frog_biomass","total_biomass","Days","TFTotalMass"
"1","2024-07-23","2","A",1,0.4,26,24,NA,1.5885,24,1,0,0.40896,26,27.6,0.38,6.26,34.5,2.71,"No","No",-7,NA,NA,0,1.5885,"1",1.260357092256
"2","2024-08-03","2","A",1,0.4,24,8,NA,1.2478,8,12,0,0.52,26,27.8,0.52,4.5,35.8,2.8,"No","No",11,NA,NA,0,1.2478,"12",1.11704968555566
"3","2024-08-17","2","A",1,0.4,8,7,NA,2.1778,7,26,0,0.39,26,25.5,0.39,4.67,41.7,3.4,"No","No",25,NA,NA,0,2.1778,"26",1.47573710395856
"4","2024-08-31","2","A",1,0.4,7,5,NA,1.4947,5,40,0,0.35,26,27.6,0.4,5.12,47.6,3.74,"No","No",39,NA,NA,0,1.4947,"40",1.22257924078564
"5","2024-09-14","2","A",1,0.4,5,6,NA,1.9165,6,54,0,0.58,26,23.7,0.41,5.34,49.9,4.21,"No","No",53,NA,NA,0,1.9165,"54",1.3843771162512
"6","2024-09-28","2","A",1,0.4,6,5,NA,1.8711,5,68,0,0.79,26,24.5,0.38,5.47,49.7,4.13,"No","No",67,NA,NA,0,1.8711,"68",1.36788157382136
"7","2024-10-12","2","A",1,0.4,5,5,NA,2.0791,5,82,0,1.08,26,17.2,0.41,6.35,63.5,6.1,"No","No",81,NA,NA,0,2.0791,"82",1.44190845756587
"8","2024-10-26","2","A",1,0.4,5,5,NA,2.1826,5,96,0,0.83,26,20.2,0.42,6.11,56.8,5.13,"No","No",95,NA,NA,0,2.1826,"96",1.47736251475391
"9","2024-07-23","2","B",1,0.4,42,29,NA,1.87,29,1,1,0.59472,42,27.6,0.38,6.26,34.5,2.71,"No","No",-7,NA,NA,0,1.87,"1",1.36747943311773
"10","2024-08-03","2","B",1,0.4,29,13,NA,1.478,13,12,1,0.59,42,27.8,0.52,4.5,35.8,2.8,"No","No",11,NA,NA,0,1.478,"12",1.21573023323433
"11","2024-08-17","2","B",1,0.4,13,11,NA,2.6045,11,26,1,0.34,42,25.5,0.39,4.67,41.7,3.4,"No","No",25,NA,NA,0,2.6045,"26",1.61384633717092
"12","2024-08-31","2","B",1,0.4,11,11,NA,2.2546,11,40,1,0.46,42,27.6,0.4,5.12,47.6,3.74,"No","No",39,NA,NA,0,2.2546,"40",1.50153255042973
"13","2024-09-14","2","B",1,0.4,11,10,NA,2.0304,10,54,1,0.57,42,23.7,0.41,5.34,49.9,4.21,"No","No",53,NA,NA,0,2.0304,"54",1.42492105044455
"14","2024-09-28","2","B",1,0.4,10,8,NA,1.6144,8,68,1,0.95,42,24.5,0.38,5.47,49.7,4.13,"No","No",67,NA,NA,0,1.6144,"68",1.27059041394149
"15","2024-10-12","2","B",1,0.4,8,7,NA,1.5897,7,82,1,1.27,42,17.2,0.41,6.35,63.5,6.1,"No","No",81,NA,NA,0,1.5897,"82",1.26083305794225
"16","2024-10-26","2","B",1,0.4,7,6,NA,1.3879,6,96,1,0.84,42,20.2,0.42,6.11,56.8,5.13,"No","No",95,NA,NA,0,1.3879,"96",1.17809167724757
"17","2024-07-23","2","C",1,0.4,3,3,NA,0.7166,3,1,0,0.3792,3,27.6,0.38,6.26,34.5,2.71,"No","No",-7,NA,NA,0,0.7166,"1",0.846522297402732
"18","2024-08-03","2","C",1,0.4,3,2,NA,1.0164,2,12,0,0.55,3,27.8,0.52,4.5,35.8,2.8,"No","No",11,NA,NA,0,1.0164,"12",1.00816665289028
"19","2024-08-17","2","C",1,0.4,2,1,NA,0.6922,1,26,0,0.39,3,25.5,0.39,4.67,41.7,3.4,"No","No",25,26,0.2258,0.2258,0.918,"26",0.958123165360279
"20","2024-09-28","2","C",1,0.4,7,6,NA,1.6796,6,68,0,4.07,3,24.5,0.38,5.47,49.7,4.13,"No","No",67,39,0.222,0.4478,2.1274,"68",1.45856093462015
"21","2024-07-23","2","D",1,0.4,64,30,NA,1.5906,30,1,1,1.04832,64,27.6,0.38,6.26,34.5,2.71,"No","No",-7,NA,NA,0,1.5906,"1",1.26118991432694
"22","2024-08-03","2","D",1,0.4,30,9,NA,1.2579,9,12,1,0.51,64,27.8,0.52,4.5,35.8,2.8,"No","No",11,NA,NA,0,1.2579,"12",1.12156141160438
"23","2024-08-17","2","D",1,0.4,9,8,NA,2.0213,8,26,1,0.49,64,25.5,0.39,4.67,41.7,3.4,"No","No",25,NA,NA,0,2.0213,"26",1.42172430520126
"24","2024-08-31","2","D",1,0.4,8,7,NA,1.7219,7,40,1,0.39,64,27.6,0.4,5.12,47.6,3.74,"No","No",39,NA,NA,0,1.7219,"40",1.31221187313635
"25","2024-09-14","2","D",1,0.4,7,7,NA,1.8112,7,54,1,0.78,64,23.7,0.41,5.34,49.9,4.21,"No","No",53,NA,NA,0,1.8112,"54",1.34580830730086
"26","2024-10-12","2","D",1,0.4,6,7,NA,1.9045,7,82,1,2.32,64,17.2,0.41,6.35,63.5,6.1,"No","No",81,NA,NA,0,1.9045,"82",1.38003623140844
"27","2024-10-26","2","D",1,0.4,7,7,NA,1.9191,7,96,1,0.94,64,20.2,0.42,6.11,56.8,5.13,"No","No",95,NA,NA,0,1.9191,"96",1.385315848462
"28","2024-07-23","4","A",2,0.4,15,14,NA,1.0815,14,1,0,0.04272,15,27.6,0.39,6.31,23.9,1.88,"No","No",-7,NA,NA,0,1.0815,"1",1.03995192196563
"29","2024-08-03","4","A",2,0.4,14,10,NA,1.229,10,12,0,0.26,15,27.9,0.45,5.98,37.4,2.93,"No","No",11,NA,NA,0,1.229,"12",1.10860272415325
"30","2024-08-17","4","A",2,0.4,10,9,NA,2.3865,9,26,0,0.15,15,25.8,0.39,6.19,34.5,2.81,"No","No",25,NA,NA,0,2.3865,"26",1.54483008774428
"31","2024-08-31","4","A",2,0.4,9,9,NA,2.4232,9,40,0,0.16,15,27.5,0.39,6.49,35.6,2.8,"No","No",39,NA,NA,0,2.4232,"40",1.5566630977832
"32","2024-09-14","4","A",2,0.4,9,9,NA,2.539,9,54,0,0.43,15,23.8,0.41,6.45,35.6,3,"No","No",53,NA,NA,0,2.539,"54",1.59342398626354
"33","2024-09-28","4","A",2,0.4,9,8,NA,2.2092,8,68,0,0.28,15,24.6,0.4,6.7,38.1,3.17,"No","No",67,NA,NA,0,2.2092,"68",1.4863377812597
"34","2024-10-12","4","A",2,0.4,8,8,NA,2.1307,8,82,0,0.35,15,17.5,0.42,6.99,49,4.67,"No","No",81,NA,NA,0,2.1307,"82",1.45969174828112
"35","2024-10-26","4","A",2,0.4,8,7,NA,1.7145,7,96,0,0.7,15,20.1,0.42,7.16,49.2,4.46,"No","No",95,NA,NA,0,1.7145,"96",1.30938917056771
"36","2024-07-23","4","B",2,0.4,77,27,NA,1.0562,27,1,1,0.0792,77,27.6,0.39,6.31,23.9,1.88,"No","No",-7,NA,NA,0,1.0562,"1",1.02771591405407
"37","2024-08-03","4","B",2,0.4,27,7,NA,0.5161,7,12,1,0.18,77,27.9,0.45,5.98,37.4,2.93,"No","No",11,NA,NA,0,0.5161,"12",0.718401002226472
"38","2024-08-17","4","B",2,0.4,7,7,NA,1.4462,7,26,1,0.17,77,25.8,0.39,6.19,34.5,2.81,"No","No",25,NA,NA,0,1.4462,"26",1.20258055863214
"39","2024-08-31","4","B",2,0.4,7,7,NA,1.5473,7,40,1,0.17,77,27.5,0.39,6.49,35.6,2.8,"No","No",39,NA,NA,0,1.5473,"40",1.24390514107789
"40","2024-09-14","4","B",2,0.4,7,5,NA,1.2098,5,54,1,0.42,77,23.8,0.41,6.45,35.6,3,"No","No",53,NA,NA,0,1.2098,"54",1.09990908715221
"41","2024-09-28","4","B",2,0.4,5,5,NA,1.2165,5,68,1,0.14,77,24.6,0.4,6.7,38.1,3.17,"No","No",67,NA,NA,0,1.2165,"68",1.10295058819514
"42","2024-10-12","4","B",2,0.4,5,5,NA,1.1407,5,82,1,0.27,77,17.5,0.42,6.99,49,4.67,"No","No",81,NA,NA,0,1.1407,"82",1.06803557993168
"43","2024-10-26","4","B",2,0.4,5,5,NA,1.0558,5,96,1,1.65,77,20.1,0.42,7.16,49.2,4.46,"No","No",95,NA,NA,0,1.0558,"96",1.02752128931716
"44","2024-07-23","4","C",2,0.4,35,26,NA,1.4894,26,1,1,0.06528,35,27.6,0.39,6.31,23.9,1.88,"No","No",-7,NA,NA,0,1.4894,"1",1.22040976725033
"45","2024-08-03","4","C",2,0.4,26,10,NA,0.9333,10,12,1,0.16,35,27.9,0.45,5.98,37.4,2.93,"No","No",11,NA,NA,0,0.9333,"12",0.966074531286277
"46","2024-08-17","4","C",2,0.4,10,7,NA,1.7358,7,26,1,0.39,35,25.8,0.39,6.19,34.5,2.81,"No","No",25,NA,NA,0,1.7358,"26",1.31749762808136
"47","2024-08-31","4","C",2,0.4,7,7,NA,1.7042,7,40,1,0.13,35,27.5,0.39,6.49,35.6,2.8,"No","No",39,NA,NA,0,1.7042,"40",1.30545011394538
"48","2024-09-14","4","C",2,0.4,7,7,NA,1.8792,7,54,1,0.43,35,23.8,0.41,6.45,35.6,3,"No","No",53,NA,NA,0,1.8792,"54",1.3708391590555
"49","2024-09-28","4","C",2,0.4,7,7,NA,1.8699,7,68,1,0.07,35,24.6,0.4,6.7,38.1,3.17,"No","No",67,NA,NA,0,1.8699,"68",1.3674428690077
"50","2024-10-12","4","C",2,0.4,7,7,NA,1.7015,7,82,1,0.28,35,17.5,0.42,6.99,49,4.67,"No","No",81,NA,NA,0,1.7015,"82",1.30441557795052
"51","2024-10-26","4","C",2,0.4,7,5,NA,1.1949,5,96,1,0.44,35,20.1,0.42,7.16,49.2,4.46,"No","No",95,NA,NA,0,1.1949,"96",1.09311481556148
"52","2024-07-23","4","D",2,0.4,6,6,NA,0.7007,6,1,0,0.09168,6,27.6,0.39,6.31,23.9,1.88,"No","No",-7,NA,NA,0,0.7007,"1",0.837078252017098
"53","2024-08-03","4","D",2,0.4,6,4,NA,0.7314,4,12,0,0.09,6,27.9,0.45,5.98,37.4,2.93,"No","No",11,NA,NA,0,0.7314,"12",0.855219270129012
"54","2024-08-17","4","D",2,0.4,4,4,NA,1.7533,4,26,0,0.4,6,25.8,0.39,6.19,34.5,2.81,"No","No",25,NA,NA,0,1.7533,"26",1.32412235084225
"55","2024-08-31","4","D",2,0.4,4,4,NA,1.6953,4,40,0,0.14,6,27.5,0.39,6.49,35.6,2.8,"No","No",39,NA,NA,0,1.6953,"40",1.30203686583752
"56","2024-09-14","4","D",2,0.4,4,4,NA,1.7634,4,54,0,0.5,6,23.8,0.41,6.45,35.6,3,"No","No",53,NA,NA,0,1.7634,"54",1.3279307210845
"57","2024-09-28","4","D",2,0.4,4,2,NA,0.7515,2,68,0,0.05,6,24.6,0.4,6.7,38.1,3.17,"No","No",67,NA,NA,0,0.7515,"68",0.866890996607993
"58","2024-10-12","4","D",2,0.4,2,2,NA,0.7182,2,82,0,0.52,6,17.5,0.42,6.99,49,4.67,"No","No",81,NA,NA,0,0.7182,"82",0.847466813509532
"59","2024-10-26","4","D",2,0.4,2,1,NA,0.357,1,96,0,1.24,6,20.1,0.42,7.16,49.2,4.46,"No","No",95,95,0.2206,0.2206,0.5776,"96",0.76
"60","2024-07-23","8","A",3,0.4,36,29,NA,1.0473,29,1,0,1.30704,36,27.6,0.39,6.26,25.5,2.01,"No","No",-7,NA,NA,0,1.0473,"1",1.02337676346495
"61","2024-08-03","8","A",3,0.4,29,13,NA,1.398,13,12,0,1.74,36,28.8,0.55,5.76,37.5,2.89,"No","No",11,NA,NA,0,1.398,"12",1.1823705003086
"62","2024-08-17","8","A",3,0.4,13,10,NA,2.2713,10,26,0,1.06,36,27.1,0.38,5.95,42.6,3.38,"No","No",25,NA,NA,0,2.2713,"26",1.50708327573495
"63","2024-08-31","8","A",3,0.4,10,10,NA,2.3201,10,40,0,2.48,36,28.4,0.39,6.09,11.1,NA,"No","No",39,NA,NA,0,2.3201,"40",1.52318744742727
"64","2024-09-14","8","A",3,0.4,10,9,NA,2.0071,9,54,0,2.91,36,24.1,0.39,6.33,5.06,4.24,"No","No",53,NA,NA,0,2.0071,"54",1.41672156756365
"65","2024-09-28","8","A",3,0.4,9,8,NA,1.9359,8,68,0,2.75,36,24.5,0.38,6.35,45.1,3.76,"No","No",67,NA,NA,0,1.9359,"68",1.39136623503663
"66","2024-10-12","8","A",3,0.4,8,6,NA,1.4123,6,82,0,3.73,36,17.6,0.4,6.67,59.6,5.67,"No","No",81,NA,NA,0,1.4123,"82",1.18840228878945
"67","2024-10-26","8","A",3,0.4,6,4,NA,0.9859,4,96,0,1.44,36,20.5,0.42,6.85,59.9,5.39,"No","No",95,NA,NA,0,0.9859,"96",0.992924971989324
"68","2024-07-23","8","B",3,0.4,47,27,NA,1.0905,27,1,1,1.30416,47,27.6,0.39,6.26,25.5,2.01,"No","No",-7,NA,NA,0,1.0905,"1",1.04427008000804
"69","2024-08-03","8","B",3,0.4,27,NA,NA,1.7416,NA,12,1,1.27,47,28.8,0.55,5.76,37.5,2.89,"No","No",11,NA,NA,0,1.7416,"12",1.31969693490589
"70","2024-08-17","8","B",3,0.4,NA,13,NA,2.5869,13,26,1,0.6,47,27.1,0.38,5.95,42.6,3.38,"No","No",25,NA,NA,0,2.5869,"26",1.60838428243999
"71","2024-08-31","8","B",3,0.4,13,11,NA,2.4234,11,40,1,2.93,47,28.4,0.39,6.09,11.1,NA,"No","No",39,NA,NA,0,2.4234,"40",1.55672733643371
"72","2024-09-14","8","B",3,0.4,11,9,NA,2.0767,9,54,1,2.39,47,24.1,0.39,6.33,5.06,4.24,"No","No",53,NA,NA,0,2.0767,"54",1.44107598689313
"73","2024-09-28","8","B",3,0.4,9,7,NA,1.6462,7,68,1,2.3,47,24.5,0.38,6.35,45.1,3.76,"No","No",67,NA,NA,0,1.6462,"68",1.28304325725986
"74","2024-10-12","8","B",3,0.4,7,7,NA,1.5124,7,82,1,2.04,47,17.6,0.4,6.67,59.6,5.67,"No","No",81,NA,NA,0,1.5124,"82",1.22979673117146
"75","2024-10-26","8","B",3,0.4,7,4,NA,0.8736,4,96,1,1.45,47,20.5,0.42,6.85,59.9,5.39,"No","No",95,NA,NA,0,0.8736,"96",0.934665715643834
"76","2024-07-23","8","C",3,0.4,57,27,NA,1.2817,27,1,1,1.40544,57,27.6,0.39,6.26,25.5,2.01,"No","No",-7,NA,NA,0,1.2817,"1",1.13212190156361
"77","2024-08-03","8","C",3,0.4,27,4,NA,0.4514,4,12,1,1.29,57,28.8,0.55,5.76,37.5,2.89,"No","No",11,NA,NA,0,0.4514,"12",0.671863081289633
"78","2024-08-17","8","C",3,0.4,4,3,NA,1.1271,3,26,1,1.12,57,27.1,0.38,5.95,42.6,3.38,"No","No",25,NA,NA,0,1.1271,"26",1.06164965972773
"79","2024-08-31","8","C",3,0.4,3,3,NA,1.3567,3,40,1,4.28,57,28.4,0.39,6.09,11.1,NA,"No","No",39,39,0.2791,0.2791,1.6358,"40",1.27898397175258
"80","2024-09-14","8","C",3,0.4,3,3,NA,1.3107,3,54,1,2.84,57,24.1,0.39,6.33,5.06,4.24,"No","No",53,39,0.2791,0.2791,1.5898,"54",1.26087271363925
"81","2024-09-28","8","C",3,0.4,3,3,NA,1.1986,3,68,1,3.2,57,24.5,0.38,6.35,45.1,3.76,"No","No",67,39,0.2791,0.2791,1.4777,"68",1.21560684433743
"82","2024-10-12","8","C",3,0.4,3,2,NA,0.9126,2,82,1,3.67,57,17.6,0.4,6.67,59.6,5.67,"No","No",81,39,0.2791,0.2791,1.1917,"82",1.09165012710117
"83","2024-10-26","8","C",3,0.4,2,1,NA,0.4544,1,96,1,3.69,57,20.5,0.42,6.85,59.9,5.39,"No","No",95,39,0.2791,0.2791,0.7335,"96",0.856446145417212
"84","2024-07-23","8","D",3,0.4,2,2,NA,0.1761,2,1,0,2.12208,2,27.6,0.39,6.26,25.5,2.01,"No","No",-7,NA,NA,0,0.1761,"1",0.419642705167146
"85","2024-08-03","8","D",3,0.4,2,1,NA,0.1275,1,12,0,1.99,2,28.8,0.55,5.76,37.5,2.89,"No","No",11,NA,NA,0,0.1275,"12",0.357071421427142
"86","2024-08-17","8","D",3,0.4,1,1,NA,0.3998,1,26,0,1.47,2,27.1,0.38,5.95,42.6,3.38,"No","No",25,NA,NA,0,0.3998,"26",0.632297398381489
"87","2024-08-31","8","D",3,0.4,1,1,NA,0.6602,1,40,0,2.59,2,28.4,0.39,6.09,11.1,NA,"No","No",39,NA,NA,0,0.6602,"40",0.812526922630875
"88","2024-09-14","8","D",3,0.4,1,1,NA,0.6204,1,54,0,2.5,2,24.1,0.39,6.33,5.06,4.24,"No","No",53,NA,NA,0,0.6204,"54",0.787654746700609
"89","2024-09-28","8","D",3,0.4,1,1,NA,0.6518,1,68,0,2.51,2,24.5,0.38,6.35,45.1,3.76,"No","No",67,NA,NA,0,0.6518,"68",0.807341315677576
"90","2024-10-12","8","D",3,0.4,1,1,NA,0.6151,1,82,0,1.45,2,17.6,0.4,6.67,59.6,5.67,"No","No",81,NA,NA,0,0.6151,"82",0.784283112147648
"91","2024-10-26","8","D",3,0.4,1,1,NA,0.6248,1,96,0,1.85,2,20.5,0.42,6.85,59.9,5.39,"No","No",95,NA,NA,0,0.6248,"96",0.79044291381478
"92","2024-07-24","12","A",4,0.4,12,11,NA,1.4684,11,1,0,6.9576,12,27.4,0.39,6.28,30.6,2.42,"No","No",-7,NA,NA,0,1.4684,"1",1.21177555677609
"93","2024-08-04","12","A",4,0.4,11,10,NA,4.2655,10,12,0,0.23,12,26.8,0.38,4.61,22,1.75,"No","No",12,NA,NA,0,4.2655,"12",2.06530869363396
"94","2024-08-18","12","A",4,0.4,10,9,NA,3.8047,9,26,0,0.72,12,25.9,0.39,4.41,45.2,3.66,"No","No",26,26,0.2482,0.2482,4.0529,"26",2.01318156160839
"95","2024-09-01","12","A",4,0.4,9,9,NA,3.7502,9,40,0,0.63,12,NA,NA,NA,NA,NA,"No","No",40,26,0.2482,0.2482,3.9984,"40",1.999599959992
"96","2024-09-14","12","A",4,0.4,9,8,NA,3.4652,8,54,0,10.56,12,24.9,0.4,4.96,55.8,4.61,"No","No",53,26,0.2482,0.2482,3.7134,"54",1.92701842233021
"97","2024-09-28","12","A",4,0.4,8,8,NA,3.3457,8,68,0,15.83,12,24.6,0.38,4.95,57.4,4.77,"No","No",67,26,0.2482,0.2482,3.5939,"68",1.89575842342847
"98","2024-10-12","12","A",4,0.4,8,8,NA,3.3157,8,82,0,6.65,12,18.9,0.31,6.13,59.8,5.5,"No","No",81,26,0.2482,0.2482,3.5639,"82",1.88782944144856
"99","2024-10-26","12","A",4,0.4,8,5,NA,2.2012,5,96,0,4.69,12,21,0.42,6.15,57.1,5.08,"No","No",95,85,0.1212,0.3694,2.5706,"96",1.60330907812561
"100","2024-07-24","12","B",4,0.4,7,7,NA,0.9569,7,1,0,1.8912,7,27.4,0.39,6.28,30.6,2.42,"No","No",-7,NA,NA,0,0.9569,"1",0.97821265581672
"101","2024-08-04","12","B",4,0.4,7,5,NA,2.2345,5,12,0,0.42,7,26.8,0.38,4.61,22,1.75,"No","No",12,NA,NA,0,2.2345,"12",1.49482440440341
"102","2024-08-18","12","B",4,0.4,5,3,NA,1.6811,3,26,0,0.73,7,25.9,0.39,4.41,45.2,3.66,"No","No",26,NA,NA,0,1.6811,"26",1.29657240445723
"103","2024-09-01","12","B",4,0.4,3,1,NA,0.6438,1,40,0,0.73,7,NA,NA,NA,NA,NA,"No","No",40,40,0.5771,0.8667,1.5105,"40",1.22902400302028
"104","2024-07-24","12","C",4,0.4,83,34,NA,2.1189,34,1,1,2.5344,83,27.4,0.39,6.28,30.6,2.42,"No","No",-7,NA,NA,0,2.1189,"1",1.45564418729303
"105","2024-08-04","12","C",4,0.4,34,17,NA,4.0789,17,12,1,0.28,83,26.8,0.38,4.61,22,1.75,"No","No",12,NA,NA,0,4.0789,"12",2.0196286787427
"106","2024-08-18","12","C",4,0.4,17,17,NA,4.7635,17,26,1,0.82,83,25.9,0.39,4.41,45.2,3.66,"No","No",26,NA,NA,0,4.7635,"26",2.18254438671932
"107","2024-09-01","12","C",4,0.4,17,16,NA,4.6136,16,40,1,0.83,83,NA,NA,NA,NA,NA,"No","No",40,NA,NA,0,4.6136,"40",2.14792923533342
"108","2024-09-14","12","C",4,0.4,16,17,NA,4.6873,17,54,1,5.61,83,24.9,0.4,4.96,55.8,4.61,"No","No",53,NA,NA,0,4.6873,"54",2.16501732094688
"109","2024-09-28","12","C",4,0.4,17,15,NA,4.0168,15,68,1,8.99,83,24.6,0.38,4.95,57.4,4.77,"No","No",67,NA,NA,0,4.0168,"68",2.00419559923676
"110","2024-10-12","12","C",4,0.4,15,13,NA,3.7518,13,82,1,4.42,83,18.9,0.31,6.13,59.8,5.5,"No","No",81,NA,NA,0,3.7518,"82",1.93695637534767
"111","2024-10-26","12","C",4,0.4,13,9,NA,2.9059,9,96,1,0.68,83,21,0.42,6.15,57.1,5.08,"No","No",95,NA,NA,0,2.9059,"96",1.7046700560519
"112","2024-07-24","12","D",4,0.4,32,8,NA,1.2038,8,1,1,24.84192,32,27.4,0.39,6.28,30.6,2.42,"No","No",-7,NA,NA,0,1.2038,"1",1.09717819883554
"113","2024-08-04","12","D",4,0.4,8,8,NA,3.9094,8,12,1,0.27,32,26.8,0.38,4.61,22,1.75,"No","No",12,NA,NA,0,3.9094,"12",1.97722027098652
"114","2024-08-18","12","D",4,0.4,8,7,NA,3.4669,7,26,1,0.44,32,25.9,0.39,4.41,45.2,3.66,"No","No",26,NA,NA,0,3.4669,"26",1.86196133149966
"115","2024-09-01","12","D",4,0.4,7,4,NA,1.9326,4,40,1,0.95,32,NA,NA,NA,NA,NA,"No","No",40,39,0.2103,0.4737,2.4063,"40",1.55122532212442
"116","2024-09-14","12","D",4,0.4,4,4,NA,2.1751,4,54,1,7.2,32,24.9,0.4,4.96,55.8,4.61,"No","No",53,39,0.2103,0.4737,2.6488,"54",1.62751344080471
"117","2024-09-28","12","D",4,0.4,4,4,NA,2.1344,4,68,1,8.33,32,24.6,0.38,4.95,57.4,4.77,"No","No",67,39,0.2103,0.4737,2.6081,"68",1.61496129984591
"118","2024-07-24","14","A",5,0.4,38,27,NA,1.2937,27,1,1,2.1768,38,27.7,0.38,5.81,32.2,2.53,"No","No",-7,NA,NA,0,1.2937,"1",1.13740933704625
"119","2024-08-04","14","A",5,0.4,27,14,1.4105,1.3331,14,12,1,1.1,38,27,0.51,3.94,34.1,2.71,"No","No",12,NA,NA,0,1.3331,"12",1.15459949766142
"120","2024-08-18","14","A",5,0.4,14,12,NA,1.5164,12,26,1,0.84,38,27,0.41,3.77,48.4,3.84,"No","No",26,NA,NA,0,1.5164,"26",1.23142194230897
"121","2024-09-01","14","A",5,0.4,12,1,NA,0.174,1,40,1,0.45,38,27.5,0.41,3.93,54.6,4.3,"No","No",40,NA,NA,0,0.174,"40",0.417133072292284
"122","2024-07-24","14","B",5,0.4,19,16,NA,1.0958,16,1,0,0.61104,19,27.7,0.38,5.81,32.2,2.53,"No","No",-7,NA,NA,0,1.0958,"1",1.04680466181614
"123","2024-08-04","14","B",5,0.4,16,16,2.4855,2.2354,16,12,0,1.07,19,27,0.51,3.94,34.1,2.71,"No","No",12,NA,NA,0,2.2354,"12",1.49512541279988
"124","2024-08-18","14","B",5,0.4,16,10,NA,1.0239,10,26,0,0.83,19,27,0.41,3.77,48.4,3.84,"No","No",26,NA,NA,0,1.0239,"26",1.01187943945907
"125","2024-07-24","14","C",5,0.4,72,22,NA,1.3919,22,1,1,2.8152,72,27.7,0.38,5.81,32.2,2.53,"No","No",-7,NA,NA,0,1.3919,"1",1.17978811657009
"126","2024-08-04","14","C",5,0.4,22,11,1.3036,1.2076,11,12,1,1.04,72,27,0.51,3.94,34.1,2.71,"No","No",12,NA,NA,0,1.2076,"12",1.09890854942529
"127","2024-08-18","14","C",5,0.4,11,7,NA,1.0094,7,26,1,0.96,72,27,0.41,3.77,48.4,3.84,"No","No",26,NA,NA,0,1.0094,"26",1.00468900660851
"128","2024-09-01","14","C",5,0.4,7,1,NA,0.0861,1,40,1,0.47,72,27.5,0.41,3.93,54.6,4.3,"No","No",40,NA,NA,0,0.0861,"40",0.293428015022424
"129","2024-07-24","14","D",5,0.4,5,4,NA,0.8147,4,1,0,3.92208,5,27.7,0.38,5.81,32.2,2.53,"No","No",-7,NA,NA,0,0.8147,"1",0.902607334337584
"130","2024-08-04","14","D",5,0.4,4,3,NA,2.1422,3,12,0,1.5,5,27,0.51,3.94,34.1,2.71,"No","No",12,NA,NA,0,2.1422,"12",1.46362563519501
"131","2024-08-18","14","D",5,0.4,3,3,NA,1.3357,3,26,0,1.01,5,27,0.41,3.77,48.4,3.84,"No","No",26,NA,NA,0,1.3357,"26",1.15572488075666
"132","2024-09-01","14","D",5,0.4,3,1,NA,0.3833,1,40,0,0.32,5,27.5,0.41,3.93,54.6,4.3,"No","No",40,29,0.1866,0.1866,0.5699,"40",0.754917214004291
"133","2024-07-23","3","A",1,3,62,46,NA,2.6289,46,1,1,0.67968,62,27.4,2.95,6.35,24.7,1.92,"No","No",-7,NA,NA,0,2.6289,"1",1.6213882940246
"134","2024-08-03","3","A",1,3,46,26,NA,3.5507,26,12,1,2.69,62,28,3.12,4.44,31.1,2.39,"No","No",11,NA,NA,0,3.5507,"12",1.88433011969771
"135","2024-08-17","3","A",1,3,26,25,NA,5.0282,25,26,1,1.23,62,25.7,3.05,5.79,45.2,3.62,"No","No",25,NA,NA,0,5.0282,"26",2.24236482312758
"136","2024-08-31","3","A",1,3,25,24,NA,4.7937,24,40,1,6.39,62,28,3.06,5.95,48.2,3.71,"No","No",39,NA,NA,0,4.7937,"40",2.18945198622852
"137","2024-09-14","3","A",1,3,24,25,NA,5.638,25,54,1,2.68,62,23.7,3.1,6.13,56,4.65,"No","No",53,NA,NA,0,5.638,"54",2.374447304111
"138","2024-09-28","3","A",1,3,25,24,NA,5.5022,24,68,1,0.68,62,24.7,2.76,5.99,27.4,2.25,"No","No",67,NA,NA,0,5.5022,"68",2.34567687459292
"139","2024-10-12","3","A",1,3,24,21,NA,4.7578,21,82,1,0.51,62,17.2,3.15,6.45,63.3,5.98,"No","No",81,NA,NA,0,4.7578,"82",2.18123818048374
"140","2024-10-26","3","A",1,3,21,20,NA,4.3171,20,96,1,0.53,62,20.5,3.02,6.34,58.8,5.21,"No","No",95,NA,NA,0,4.3171,"96",2.07776322038869
"141","2024-07-23","3","B",1,3,44,13,NA,1.6747,13,1,1,2.27424,44,27.4,2.95,6.35,24.7,1.92,"No","No",-7,NA,NA,0,1.6747,"1",1.29410200525306
"142","2024-08-03","3","B",1,3,13,11,NA,3.2676,11,12,1,2.42,44,28,3.12,4.44,31.1,2.39,"No","No",11,NA,NA,0,3.2676,"12",1.80765040867973
"143","2024-08-17","3","B",1,3,11,10,NA,4.5739,10,26,1,1.11,44,25.7,3.05,5.79,45.2,3.62,"No","No",25,NA,NA,0,4.5739,"26",2.13866780964225
"144","2024-08-31","3","B",1,3,10,9,NA,3.9345,9,40,1,6.29,44,28,3.06,5.95,48.2,3.71,"No","No",39,NA,NA,0,3.9345,"40",1.98355741031108
"145","2024-09-14","3","B",1,3,9,9,NA,4.601,9,54,1,2.7,44,23.7,3.1,6.13,56,4.65,"No","No",53,43,0.1939,0.1939,4.7949,"54",2.1897260102579
"146","2024-09-28","3","B",1,3,9,8,NA,4.1991,8,68,1,0.58,44,24.7,2.76,5.99,27.4,2.25,"No","No",67,67,0.272,0.4659,4.665,"68",2.15986110664552
"147","2024-10-12","3","B",1,3,8,6,NA,2.9889,6,82,1,1.01,44,17.2,3.15,6.45,63.3,5.98,"No","No",81,81,0.2221,0.8693,3.8582,"82",1.96423012908366
"148","2024-10-26","3","B",1,3,6,5,NA,2.3837,5,96,1,0.69,44,20.5,3.02,6.34,58.8,5.21,"No","No",95,95,0,0.8693,3.253,"96",1.8036074961033
"149","2024-07-23","3","C",NA,3,3,3,NA,0.9262,3,1,0,6.85344,3,27.4,2.95,6.35,24.7,1.92,"No","No",-7,NA,NA,0,0.9262,"1",0.962392851178769
"150","2024-08-03","3","C",1,3,3,3,NA,2.4535,3,12,0,1.69,3,28,3.12,4.44,31.1,2.39,"No","No",11,NA,NA,0,2.4535,"12",1.56636521922571
"151","2024-07-23","3","D",1,3,29,25,NA,2.4055,25,1,0,0.83136,29,27.4,2.95,6.35,24.7,1.92,"No","No",-7,NA,NA,0,2.4055,"1",1.55096744001929
"152","2024-08-03","3","D",1,3,25,22,NA,4.8181,22,12,0,1.64,29,28,3.12,4.44,31.1,2.39,"No","No",11,NA,NA,0,4.8181,"12",2.19501708421598
"153","2024-08-17","3","D",1,3,22,22,NA,6.9786,22,26,0,1.73,29,25.7,3.05,5.79,45.2,3.62,"No","No",25,NA,NA,0,6.9786,"26",2.64170399553016
"154","2024-08-31","3","D",1,3,22,22,NA,6.1235,22,40,0,7.21,29,28,3.06,5.95,48.2,3.71,"No","No",39,NA,NA,0,6.1235,"40",2.47457066983346
"155","2024-09-14","3","D",1,3,22,21,NA,6.3936,21,54,0,2.52,29,23.7,3.1,6.13,56,4.65,"No","No",53,NA,NA,0,6.3936,"54",2.52855690068466
"156","2024-09-28","3","D",1,3,21,21,NA,6.3579,21,68,0,0.56,29,24.7,2.76,5.99,27.4,2.25,"No","No",67,NA,NA,0,6.3579,"68",2.52148765612684
"157","2024-10-12","3","D",1,3,21,18,NA,5.5957,18,82,0,0.84,29,17.2,3.15,6.45,63.3,5.98,"No","No",81,NA,NA,0,5.5957,"82",2.36552319794163
"158","2024-10-26","3","D",1,3,18,12,NA,3.6224,12,96,0,0.52,29,20.5,3.02,6.34,58.8,5.21,"No","No",95,NA,NA,0,3.6224,"96",1.90326036053925
"159","2024-07-23","5","A",2,3,80,68,NA,2.6925,68,1,1,0.14112,80,27.7,2.93,6.34,20.8,1.61,"No","No",-7,NA,NA,0,2.6925,"1",1.64088390814219
"160","2024-08-03","5","A",2,3,68,NA,NA,2.2977,NA,12,1,1.19,80,28.3,3.12,5.76,35.5,2.71,"No","No",11,NA,NA,0,2.2977,"12",1.51581661159917
"161","2024-08-17","5","A",2,3,NA,17,NA,2.2935,17,26,1,0.69,80,25.8,2.98,6.17,40.3,3.23,"No","No",25,NA,NA,0,2.2935,"26",1.51443058606197
"162","2024-08-31","5","A",2,3,17,16,NA,2.1982,16,40,1,1.18,80,27.7,3.08,6.34,47.6,3.69,"No","No",39,NA,NA,0,2.1982,"40",1.48263279337805
"163","2024-09-14","5","A",2,3,16,15,NA,2.4168,15,54,1,1.06,80,23.9,3.01,6.42,43.4,3.6,"No","No",53,NA,NA,0,2.4168,"54",1.5546060594247
"164","2024-09-28","5","A",2,3,15,15,NA,2.5058,15,68,1,0.67,80,25,2.58,6.27,27,2.2,"No","No",67,NA,NA,0,2.5058,"68",1.58297188856909
"165","2024-10-12","5","A",2,3,15,15,NA,2.3434,15,82,1,0.88,80,17.6,3,6.55,47.2,4.43,"No","No",81,NA,NA,0,2.3434,"82",1.53081677545028
"166","2024-10-26","5","A",2,3,15,9,NA,1.515,9,96,1,0.78,80,20.3,3.03,6.63,50.2,4.46,"No","No",95,NA,NA,0,1.515,"96",1.23085336250912
"167","2024-07-23","5","B",2,3,7,5,NA,0.7468,5,1,0,0.2952,7,27.7,2.93,6.34,20.8,1.61,"No","No",-7,NA,NA,0,0.7468,"1",0.864175908018732
"168","2024-08-03","5","B",2,3,5,6,NA,1.6603,6,12,0,1.23,7,28.3,3.12,5.76,35.5,2.71,"No","No",11,NA,NA,0,1.6603,"12",1.28852628999179
"169","2024-08-17","5","B",2,3,6,5,NA,2.6847,5,26,0,0.71,7,25.8,2.98,6.17,40.3,3.23,"No","No",25,NA,NA,0,2.6847,"26",1.63850541653056
"170","2024-08-31","5","B",2,3,5,6,NA,2.6882,6,40,0,0.89,7,27.7,3.08,6.34,47.6,3.69,"No","No",39,NA,NA,0,2.6882,"40",1.63957311517358
"171","2024-09-14","5","B",2,3,6,5,NA,2.497,5,54,0,0.95,7,23.9,3.01,6.42,43.4,3.6,"No","No",53,NA,NA,0,2.497,"54",1.58018986201026
"172","2024-09-28","5","B",2,3,5,5,NA,2.596,5,68,0,0.93,7,25,2.58,6.27,27,2.2,"No","No",67,NA,NA,0,2.596,"68",1.61121072488983
"173","2024-10-12","5","B",2,3,5,4,NA,1.9582,4,82,0,0.86,7,17.6,3,6.55,47.2,4.43,"No","No",81,81,0.2317,0.2317,2.1899,"82",1.47983107144025
"174","2024-10-26","5","B",2,3,4,4,NA,1.7956,4,96,0,0.63,7,20.3,3.03,6.63,50.2,4.46,"No","No",95,81,0.2317,0.2317,2.0273,"96",1.42383285535908
"175","2024-07-23","5","C",2,3,14,14,NA,1.6045,14,1,0,0.144,14,27.7,2.93,6.34,20.8,1.61,"No","No",-7,NA,NA,0,1.6045,"1",1.2666885963014
"176","2024-08-03","5","C",2,3,14,12,NA,1.7797,12,12,0,0.7,14,28.3,3.12,5.76,35.5,2.71,"No","No",11,NA,NA,0,1.7797,"12",1.33405397192168
"177","2024-08-17","5","C",2,3,12,12,NA,3.2655,12,26,0,0.75,14,25.8,2.98,6.17,40.3,3.23,"No","No",25,NA,NA,0,3.2655,"26",1.80706945079596
"178","2024-08-31","5","C",2,3,12,12,NA,3.213,12,40,0,0.9,14,27.7,3.08,6.34,47.6,3.69,"No","No",39,NA,NA,0,3.213,"40",1.79248430955476
"179","2024-09-14","5","C",2,3,12,12,NA,3.2751,12,54,0,0.97,14,23.9,3.01,6.42,43.4,3.6,"No","No",53,NA,NA,0,3.2751,"54",1.80972373582268
"180","2024-09-28","5","C",2,3,12,10,NA,2.7634,10,68,0,0.85,14,25,2.58,6.27,27,2.2,"No","No",67,NA,NA,0,2.7634,"68",1.6623477373883
"181","2024-10-12","5","C",2,3,10,10,NA,2.7163,10,82,0,0.97,14,17.6,3,6.55,47.2,4.43,"No","No",81,NA,NA,0,2.7163,"82",1.64812014125184
"182","2024-10-26","5","C",2,3,10,9,NA,2.3846,9,96,0,0.47,14,20.3,3.03,6.63,50.2,4.46,"No","No",95,NA,NA,0,2.3846,"96",1.54421501093598
"183","2024-07-23","5","D",2,3,34,25,NA,1.5625,25,1,1,0.13248,34,27.7,2.93,6.34,20.8,1.61,"No","No",-7,NA,NA,0,1.5625,"1",1.25
"184","2024-08-03","5","D",2,3,25,14,NA,1.4611,14,12,1,1.79,34,28.3,3.12,5.76,35.5,2.71,"No","No",11,NA,NA,0,1.4611,"12",1.2087596948939
"185","2024-08-17","5","D",2,3,14,13,NA,2.6735,13,26,1,1.05,34,25.8,2.98,6.17,40.3,3.23,"No","No",25,NA,NA,0,2.6735,"26",1.63508409569661
"186","2024-08-31","5","D",2,3,13,14,NA,2.9152,14,40,1,1.04,34,27.7,3.08,6.34,47.6,3.69,"No","No",39,NA,NA,0,2.9152,"40",1.70739567763304
"187","2024-09-14","5","D",2,3,14,12,NA,2.9041,12,54,1,0.96,34,23.9,3.01,6.42,43.4,3.6,"No","No",53,NA,NA,0,2.9041,"54",1.7041420128616
"188","2024-09-28","5","D",2,3,12,10,NA,2.3013,10,68,1,0.7,34,25,2.58,6.27,27,2.2,"No","No",67,NA,NA,0,2.3013,"68",1.51700362557246
"189","2024-10-12","5","D",2,3,10,11,NA,2.3785,11,82,1,1.07,34,17.6,3,6.55,47.2,4.43,"No","No",81,NA,NA,0,2.3785,"82",1.54223863263763
"190","2024-10-26","5","D",2,3,11,6,NA,1.3845,6,96,1,0.43,34,20.3,3.03,6.63,50.2,4.46,"No","No",95,NA,NA,0,1.3845,"96",1.17664778077384
"191","2024-07-23","7","A",3,3,49,16,NA,1.047,16,1,1,0.16416,49,27.7,2.91,6.44,25.2,1.95,"No","No",-7,NA,NA,0,1.047,"1",1.02323017938292
"192","2024-08-03","7","A",3,3,16,11,NA,1.4985,11,12,1,4.78,49,28.5,3.13,5.58,28.6,2.18,"No","No",11,NA,NA,0,1.4985,"12",1.22413234578619
"193","2024-08-17","7","A",3,3,11,8,NA,2.2868,8,26,1,1.74,49,26.2,3.01,6.32,32.8,2.61,"No","No",25,NA,NA,0,2.2868,"26",1.51221691565727
"194","2024-08-31","7","A",3,3,8,8,NA,2.543,8,40,1,0.72,49,27.8,3.09,6.33,41.1,3.18,"No","No",39,NA,NA,0,2.543,"40",1.59467865101405
"195","2024-09-14","7","A",3,3,8,8,NA,3.4115,8,54,1,1.15,49,24,3.03,6.51,44.5,3.68,"No","No",53,NA,NA,0,3.4115,"54",1.84702463437822
"196","2024-09-28","7","A",3,3,8,7,NA,3.3237,7,68,1,2.78,49,25.1,2.67,6.35,22.3,1.81,"No","No",67,67,0.1992,0.1992,3.5229,"68",1.87693899741041
"197","2024-10-12","7","A",3,3,7,6,NA,3.3886,6,82,1,0.73,49,17.5,3.08,6.72,48.6,4.55,"No","No",81,81,0.2352,0.4344,3.823,"82",1.95524934471284
"198","2024-10-26","7","A",3,3,6,5,NA,2.8072,5,96,1,0.68,49,20.6,3.04,6.94,55.5,4.9,"No","No",95,81,0.2352,0.4344,3.2416,"96",1.8004443895883
"199","2024-07-23","7","B",3,3,40,35,NA,1.4719,35,1,0,0.1272,40,27.7,2.91,6.44,25.2,1.95,"No","No",-7,NA,NA,0,1.4719,"1",1.21321885906872
"200","2024-08-03","7","B",3,3,35,7,NA,1.0186,7,12,0,3.83,40,28.5,3.13,5.58,28.6,2.18,"No","No",11,NA,NA,0,1.0186,"12",1.00925715256321
"201","2024-08-17","7","B",3,3,7,7,NA,2.8808,7,26,0,2.41,40,26.2,3.01,6.32,32.8,2.61,"No","No",25,NA,NA,0,2.8808,"26",1.69729196074217
"202","2024-08-31","7","B",3,3,7,7,NA,3.4404,7,40,0,0.67,40,27.8,3.09,6.33,41.1,3.18,"No","No",39,NA,NA,0,3.4404,"40",1.85483152873785
"203","2024-09-14","7","B",3,3,7,7,NA,3.6875,7,54,0,1.15,40,24,3.03,6.51,44.5,3.68,"No","No",53,NA,NA,0,3.6875,"54",1.92028643696715
"204","2024-09-28","7","B",3,3,7,5,NA,2.6792,5,68,0,1.34,40,25.1,2.67,6.35,22.3,1.81,"No","No",67,67,0.5313,0.5313,3.2105,"68",1.7917868176767
"205","2024-10-12","7","B",3,3,5,3,NA,2.1283,3,82,0,1.16,40,17.5,3.08,6.72,48.6,4.55,"No","No",81,81,0.5404,1.0717,3.2,"82",1.78885438199983
"206","2024-10-26","7","B",3,3,3,2,NA,1.3422,2,96,0,0.65,40,20.6,3.04,6.94,55.5,4.9,"No","No",95,81,0.5404,1.0717,2.4139,"96",1.55367306728282
"207","2024-07-23","7","C",3,3,2,2,NA,0.5351,2,1,0,0.08784,2,27.7,2.91,6.44,25.2,1.95,"No","No",-7,NA,NA,0,0.5351,"1",0.731505297315064
"208","2024-08-03","7","C",3,3,2,2,NA,1.1001,2,12,0,3.9,2,28.5,3.13,5.58,28.6,2.18,"No","No",11,NA,NA,0,1.1001,"12",1.04885652021618
"209","2024-08-17","7","C",3,3,2,2,NA,1.7956,2,26,0,4.29,2,26.2,3.01,6.32,32.8,2.61,"No","No",25,26,0.3929,0.3929,2.1885,"26",1.47935796885
"210","2024-07-23","7","D",3,3,55,9,NA,0.8265,9,1,1,0.13152,55,27.7,2.91,6.44,25.2,1.95,"No","No",-7,NA,NA,0,0.8265,"1",0.909120454065356
"211","2024-08-03","7","D",3,3,9,6,NA,1.2905,6,12,1,3.79,55,28.5,3.13,5.58,28.6,2.18,"No","No",11,NA,NA,0,1.2905,"12",1.13600176056202
"212","2024-08-17","7","D",3,3,6,5,NA,2.2236,5,26,1,1.79,55,26.2,3.01,6.32,32.8,2.61,"No","No",25,NA,NA,0,2.2236,"26",1.4911740341087
"213","2024-08-31","7","D",3,3,5,5,NA,2.5538,5,40,1,0.54,55,27.8,3.09,6.33,41.1,3.18,"No","No",39,NA,NA,0,2.5538,"40",1.5980613254816
"214","2024-09-14","7","D",3,3,5,5,NA,2.7673,5,54,1,1.17,55,24,3.03,6.51,44.5,3.68,"No","No",53,NA,NA,0,2.7673,"54",1.66352036356637
"215","2024-09-28","7","D",3,3,5,2,NA,1.2722,2,68,1,3.78,55,25.1,2.67,6.35,22.3,1.81,"No","No",67,67,0.6005,0.6005,1.8727,"68",1.36846629479867
"216","2024-07-24","11","A",4,3,30,26,NA,2.6316,26,1,1,0.19728,30,27.6,2.95,5.81,5.7,0.44,"No","No",-7,NA,NA,0,2.6316,"1",1.62222070015149
"217","2024-08-04","11","A",4,3,26,25,3.4824,3.1095,25,12,1,0.93,30,26.9,2.96,3.81,32.2,2.53,"No","No",12,NA,NA,0,3.1095,"12",1.76337744116227
"218","2024-08-18","11","A",4,3,25,7,NA,0.8687,7,26,1,0.24,30,25.7,3.21,2.58,3.06,3.54,"No","No",26,NA,NA,0,0.8687,"26",0.932040771640383
"219","2024-07-24","11","B",4,3,90,23,NA,2.2228,23,1,1,0.17856,90,27.6,2.95,5.81,5.7,0.44,"No","No",-7,NA,NA,0,2.2228,"1",1.49090576496303
"220","2024-08-04","11","B",4,3,23,13,3.2143,1.5184,13,12,1,1.91,90,26.9,2.96,3.81,32.2,2.53,"No","No",12,NA,NA,0,1.5184,"12",1.23223374405995
"221","2024-08-18","11","B",4,3,13,4,NA,0.4613,4,26,1,0.19,90,25.7,3.21,2.58,3.06,3.54,"No","No",26,NA,NA,0,0.4613,"26",0.679190694871477
"222","2024-07-24","11","C",4,3,10,49,NA,3.6096,49,1,0,0.23568,10,27.6,2.95,5.81,5.7,0.44,"No","No",-7,NA,NA,0,3.6096,"1",1.89989473392607
"223","2024-08-04","11","C",4,3,49,43,3.2143,1.9565,43,12,0,1.15,10,26.9,2.96,3.81,32.2,2.53,"No","No",12,NA,NA,0,1.9565,"12",1.39874944146548
"224","2024-08-18","11","C",4,3,43,6,NA,0.5247,6,26,0,0.22,10,25.7,3.21,2.58,3.06,3.54,"No","No",26,NA,NA,0,0.5247,"26",0.724361788058978
"225","2024-07-24","11","D",4,3,9,9,NA,2.0866,9,1,0,0.14928,9,27.6,2.95,5.81,5.7,0.44,"No","No",-7,NA,NA,0,2.0866,"1",1.44450683625935
"226","2024-08-04","11","D",4,3,9,8,NA,2.6235,8,12,0,1.14,9,26.9,2.96,3.81,32.2,2.53,"No","No",12,NA,NA,0,2.6235,"12",1.61972219840317
"227","2024-08-18","11","D",4,3,8,6,NA,1.4948,6,26,0,0.27,9,25.7,3.21,2.58,3.06,3.54,"No","No",26,NA,NA,0,1.4948,"26",1.22262013724623
"228","2024-07-24","13","A",5,3,4,3,NA,0.6623,3,1,0,0.4488,4,27.7,2.93,6,12.1,0.93,"No","No",-7,NA,NA,0,0.6623,"1",0.81381816150784
"229","2024-08-04","13","A",5,3,3,1,NA,0.1428,1,12,0,0.1,4,27,2.94,4.15,30.5,2.39,"No","No",12,NA,NA,0,0.1428,"12",0.377888872553824
"230","2024-07-24","13","B",5,3,21,20,NA,1.5497,20,1,0,0.2568,21,27.7,2.93,6,12.1,0.93,"No","No",-7,NA,NA,0,1.5497,"1",1.24486947106916
"231","2024-08-04","13","B",5,3,20,14,1.3605,1.2079,14,12,0,0.16,21,27,2.94,4.15,30.5,2.39,"No","No",12,NA,NA,0,1.2079,"12",1.09904504002338
"232","2024-08-18","13","B",5,3,14,11,NA,2.4007,11,26,0,0.44,21,26.1,3.02,5.32,38.9,3.09,"No","No",26,NA,NA,0,2.4007,"26",1.54941924604027
"233","2024-09-01","13","B",5,3,11,7,NA,2.0958,7,40,0,0.63,21,27.5,3.07,5.72,48.6,3.77,"No","No",40,NA,NA,0,2.0958,"40",1.44768781165001
"234","2024-09-15","13","B",5,3,7,7,NA,3.2145,7,54,0,8.64,21,23.2,3.07,5.77,48.3,4.05,"No","No",54,NA,NA,0,3.2145,"54",1.79290267443607
"235","2024-09-28","13","B",5,3,7,7,NA,3.5821,7,68,0,2.02,21,25.5,2.71,5.5,27.9,2.24,"No","No",67,NA,NA,0,3.5821,"68",1.89264365372883
"236","2024-10-12","13","B",4,3,7,5,NA,2.8306,5,82,0,1.06,21,18.8,3.12,6.13,68.5,6.26,"No","No",81,81,0.2282,0.2282,3.0588,"82",1.74894253764954
"237","2024-10-26","13","B",4,3,5,4,NA,2.2741,4,96,0,0.63,21,21,3.02,6.13,54.6,4.79,"No","No",95,81,0.2282,0.2282,2.5023,"96",1.58186598673845
"238","2024-07-24","13","C",5,3,69,23,NA,0.9745,23,1,1,0.14784,69,27.7,2.93,6,12.1,0.93,"No","No",-7,NA,NA,0,0.9745,"1",0.987167665596883
"239","2024-08-04","13","C",5,3,23,6,NA,0.8403,6,12,1,0.15,69,27,2.94,4.15,30.5,2.39,"No","No",12,NA,NA,0,0.8403,"12",0.916678787798649
"240","2024-08-18","13","C",5,3,6,5,NA,1.8817,5,26,1,0.15,69,26.1,3.02,5.32,38.9,3.09,"No","No",26,NA,NA,0,1.8817,"26",1.37175070621451
"241","2024-09-01","13","C",5,3,5,4,NA,1.3747,4,40,1,0.69,69,27.5,3.07,5.72,48.6,3.77,"No","No",40,40,0.1902,0.1902,1.5649,"40",1.25095963164284
"242","2024-09-15","13","C",5,3,4,4,NA,2.407,4,54,1,1.18,69,23.2,3.07,5.77,48.3,4.05,"No","No",54,40,0.1902,0.1902,2.5972,"54",1.61158307263386
"243","2024-09-28","13","C",5,3,4,3,NA,2.1987,3,68,1,11.65,69,25.5,2.71,5.5,27.9,2.24,"No","No",67,40,0.1902,0.1902,2.3889,"68",1.54560667700421
"244","2024-10-12","13","C",4,3,3,1,NA,0.8234,1,82,1,2.98,69,18.8,3.12,6.13,68.5,6.26,"No","No",81,81,0.5335,0.7237,1.5471,"82",1.24382474649767
"245","2024-07-24","13","D",5,3,39,21,NA,1.1875,21,1,1,0.228,39,27.7,2.93,6,12.1,0.93,"No","No",-7,NA,NA,0,1.1875,"1",1.08972473588517
"246","2024-08-04","13","D",5,3,21,12,NA,0.9368,12,12,1,0.12,39,27,2.94,4.15,30.5,2.39,"No","No",12,NA,NA,0,0.9368,"12",0.967884290605029
"247","2024-08-18","13","D",5,3,12,12,NA,2.1786,12,26,1,0.13,39,26.1,3.02,5.32,38.9,3.09,"No","No",26,NA,NA,0,2.1786,"26",1.47600813005891
"248","2024-09-01","13","D",5,3,12,10,NA,1.9956,10,40,1,0.35,39,27.5,3.07,5.72,48.6,3.77,"No","No",40,NA,NA,0,1.9956,"40",1.41265707091282
"249","2024-09-15","13","D",5,3,10,11,NA,2.8327,11,54,1,1.63,39,23.2,3.07,5.77,48.3,4.05,"No","No",54,NA,NA,0,2.8327,"54",1.68306268451297
"250","2024-09-28","13","D",5,3,11,11,NA,3.7483,11,68,1,12.13,39,25.5,2.71,5.5,27.9,2.24,"No","No",67,NA,NA,0,3.7483,"68",1.93605268523354
"251","2024-10-12","13","D",4,3,11,11,NA,3.9312,11,82,1,1.55,39,18.8,3.12,6.13,68.5,6.26,"No","No",81,NA,NA,0,3.9312,"82",1.982725397023
"252","2024-10-26","13","D",4,3,11,10,NA,3.4423,10,96,1,2.26,39,21,3.02,6.13,54.6,4.79,"No","No",95,NA,NA,0,3.4423,"96",1.85534363393955
"253","2024-07-23","1","A",1,5,3,3,NA,1.1225,3,1,0,0.35424,3,27.9,4.84,6.65,37.8,2.89,"No","No",-7,NA,NA,0,1.1225,"1",1.05948100502085
"254","2024-08-03","1","A",1,5,3,3,NA,2.2722,3,12,0,1.41,3,27.8,5.1,4.59,27.6,4.59,"No","No",11,NA,NA,0,2.2722,"12",1.50738183616494
"255","2024-07-23","1","B",1,5,46,28,NA,3.4938,28,1,1,0.26448,46,27.9,4.84,6.65,37.8,2.89,"No","No",-7,NA,NA,0,3.4938,"1",1.86917093921343
"256","2024-08-03","1","B",1,5,28,9,NA,2.5922,9,12,1,1.13,46,27.8,5.1,4.59,27.6,4.59,"No","No",11,NA,NA,0,2.5922,"12",1.6100310556011
"257","2024-08-17","1","B",1,5,9,7,NA,4.3498,7,26,1,1.17,46,25.7,5.03,6.39,39.1,3.1,"No","No",25,NA,NA,0,4.3498,"26",2.08561741458015
"258","2024-08-31","1","B",1,5,7,5,NA,2.7796,5,40,1,2.22,46,27.7,5.05,6.62,47.9,3.66,"No","No",39,40,0.2694,0.5448,3.3244,"40",1.82329372290918
"259","2024-09-14","1","B",1,5,5,2,NA,1.4364,2,54,1,3.15,46,23.8,5.05,6.61,37.5,3.08,"No","No",53,53,0.2467,1.0111,2.4475,"54",1.5644487847162
"260","2024-07-23","1","C",1,5,59,8,NA,1.7676,8,1,1,0.21504,59,27.9,4.84,6.65,37.8,2.89,"No","No",-7,NA,NA,0,1.7676,"1",1.32951118836962
"261","2024-08-03","1","C",1,5,8,1,1.4595,0.5219,1,12,1,0.79,59,27.8,5.1,4.59,27.6,4.59,"No","No",11,NA,NA,0,0.5219,"12",0.722426466846281
"262","2024-08-17","1","C",1,5,1,1,NA,1.2112,1,26,1,0.87,59,25.7,5.03,6.39,39.1,3.1,"No","No",25,NA,NA,0,1.2112,"26",1.10054531937581
"263","2024-07-23","1","D",1,5,33,30,NA,3.6435,30,1,0,0.38448,33,27.9,4.84,6.65,37.8,2.89,"No","No",-7,NA,NA,0,3.6435,"1",1.90879543167936
"264","2024-08-03","1","D",1,5,30,13,3.3665,3.087,13,12,0,1.22,33,27.8,5.1,4.59,27.6,4.59,"No","No",11,NA,NA,0,3.087,"12",1.75698605572156
"265","2024-08-17","1","D",1,5,13,4,NA,2.8129,4,26,0,1.17,33,25.7,5.03,6.39,39.1,3.1,"No","No",25,NA,NA,0,2.8129,"26",1.6771702358437
"266","2024-08-31","1","D",1,5,4,1,NA,0.8329,1,40,0,1.99,33,27.7,5.05,6.62,47.9,3.66,"No","No",39,39,0.9606,0.9606,1.7935,"40",1.33921618867157
"267","2024-07-23","6","A",2,5,17,17,NA,2.6258,17,1,0,1.6032,17,27.6,4.86,6.56,38.6,2.96,"No","No",-7,NA,NA,0,2.6258,"1",1.62043204115446
"268","2024-08-03","6","A",2,5,17,15,NA,3.7413,15,12,0,2.83,17,28.5,5.12,4.67,23.8,1.8,"No","No",11,NA,NA,0,3.7413,"12",1.93424403837778
"269","2024-08-17","6","A",2,5,15,12,NA,4.571,12,26,0,2.53,17,26.2,5.05,6.28,49.1,3.86,"No","No",25,NA,NA,0,4.571,"26",2.13798970998459
"270","2024-08-31","6","A",2,5,12,13,NA,4.556,13,40,0,7.59,17,28,5.11,6.48,55.9,4.26,"No","No",39,NA,NA,0,4.556,"40",2.13447885911292
"271","2024-09-14","6","A",2,5,13,10,NA,6.5437,10,54,0,3.1,17,24.2,5.11,6.61,57.2,4.67,"No","No",53,NA,NA,0,6.5437,"54",2.55806567546652
"272","2024-09-28","6","A",2,5,10,11,NA,5.3159,11,68,0,0.89,17,25.2,4.37,6.39,34.3,2.76,"No","No",67,NA,NA,0,5.3159,"68",2.30562355990738
"273","2024-10-12","6","A",2,5,11,9,NA,4.3151,9,82,0,0.33,17,17.4,5.18,6.5,46.2,4.29,"No","No",81,NA,NA,0,4.3151,"82",2.0772818778394
"274","2024-10-26","6","A",2,5,9,9,NA,5.988,9,96,0,0.42,17,20.2,5,6.6,51,4.48,"No","No",95,NA,NA,0,5.988,"96",2.44703902706925
"275","2024-07-23","6","B",2,5,74,43,NA,3.7992,43,1,1,0.7632,74,27.6,4.86,6.56,38.6,2.96,"No","No",-7,NA,NA,0,3.7992,"1",1.94915366249047
"276","2024-08-03","6","B",2,5,43,30,NA,4.3415,30,12,1,3.75,74,28.5,5.12,4.67,23.8,1.8,"No","No",11,NA,NA,0,4.3415,"12",2.08362664601891
"277","2024-08-17","6","B",2,5,30,27,NA,5.6463,27,26,1,2.66,74,26.2,5.05,6.28,49.1,3.86,"No","No",25,NA,NA,0,5.6463,"26",2.37619443648873
"278","2024-08-31","6","B",2,5,27,25,NA,5.584,25,40,1,7.95,74,28,5.11,6.48,55.9,4.26,"No","No",39,NA,NA,0,5.584,"40",2.36304887803871
"279","2024-09-14","6","B",2,5,25,24,NA,7.5356,24,54,1,3.89,74,24.2,5.11,6.61,57.2,4.67,"No","No",53,NA,NA,0,7.5356,"54",2.74510473388539
"280","2024-09-28","6","B",2,5,24,21,NA,6.1594,21,68,1,1.17,74,25.2,4.37,6.39,34.3,2.76,"No","No",67,NA,NA,0,6.1594,"68",2.48181385281008
"281","2024-10-12","6","B",2,5,21,21,NA,6.0458,21,82,1,0.58,74,17.4,5.18,6.5,46.2,4.29,"No","No",81,NA,NA,0,6.0458,"82",2.45882085561352
"282","2024-10-26","6","B",2,5,21,18,NA,4.6857,18,96,1,0.78,74,20.2,5,6.6,51,4.48,"No","No",95,NA,NA,0,4.6857,"96",2.16464777735317
"283","2024-07-23","6","C",2,5,5,5,NA,1.8445,5,1,0,4.21248,5,27.6,4.86,6.56,38.6,2.96,"No","No",-7,NA,NA,0,1.8445,"1",1.35812370570578
"284","2024-08-03","6","C",2,5,5,5,NA,3.121,5,12,0,3.64,5,28.5,5.12,4.67,23.8,1.8,"No","No",11,NA,NA,0,3.121,"12",1.76663521984591
"285","2024-08-17","6","C",2,5,5,3,NA,2.4724,3,26,0,2.96,5,26.2,5.05,6.28,49.1,3.86,"No","No",25,26,0.9213,1.2974,3.7698,"26",1.94159728059142
"286","2024-08-31","6","C",2,5,3,1,NA,1.0189,1,40,0,7.64,5,28,5.11,6.48,55.9,4.26,"No","No",39,26,0.9213,1.2974,2.3163,"40",1.52193955201907
"287","2024-07-23","6","D",2,5,36,13,NA,2.2808,13,1,1,0.56688,36,27.6,4.86,6.56,38.6,2.96,"No","No",-7,NA,NA,0,2.2808,"1",1.51023177029223
"288","2024-08-03","6","D",2,5,13,12,3.5104,3.2738,12,12,1,3.33,36,28.5,5.12,4.67,23.8,1.8,"No","No",11,NA,NA,0,3.2738,"12",1.80936452933067
"289","2024-08-17","6","D",2,5,12,9,NA,4.2925,9,26,1,2.72,36,26.2,5.05,6.28,49.1,3.86,"No","No",25,NA,NA,0,4.2925,"26",2.07183493551007
"290","2024-08-31","6","D",2,5,9,9,NA,4.181,9,40,1,6.77,36,28,5.11,6.48,55.9,4.26,"No","No",39,NA,NA,0,4.181,"40",2.04474937339518
"291","2024-09-14","6","D",2,5,9,9,NA,5.2864,9,54,1,5.05,36,24.2,5.11,6.61,57.2,4.67,"No","No",53,NA,NA,0,5.2864,"54",2.29921725811199
"292","2024-09-28","6","D",2,5,9,6,NA,3.1916,6,68,1,0.81,36,25.2,4.37,6.39,34.3,2.76,"No","No",67,67,0.4251,0.4251,3.6167,"68",1.9017623405673
"293","2024-10-12","6","D",2,5,6,4,NA,2.2793,4,82,1,0.63,36,17.4,5.18,6.5,46.2,4.29,"No","No",81,76,0.2263,0.6514,2.9307,"82",1.71192873683457
"294","2024-10-26","6","D",2,5,4,3,NA,1.59,3,96,1,0.44,36,20.2,5,6.6,51,4.48,"No","No",95,76,0.2263,0.6514,2.2414,"96",1.49713058882651
"295","2024-07-23","9","A",3,5,2,2,NA,0.588,2,1,0,0.01536,2,27.5,4.89,6.48,24.5,1.88,"No","No",-7,NA,NA,0,0.588,"1",0.766811580507233
"296","2024-08-03","9","A",3,5,2,2,NA,1.9274,2,12,0,2.16,2,28.8,5.11,4.14,31.6,2.37,"No","No",11,NA,NA,0,1.9274,"12",1.38830832310406
"297","2024-07-23","9","B",3,5,51,42,NA,2.5673,42,1,1,1.9008,51,27.5,4.89,6.48,24.5,1.88,"No","No",-7,NA,NA,0,2.5673,"1",1.60227962603286
"298","2024-08-03","9","B",3,5,42,36,NA,4.1395,36,12,1,2.31,51,28.8,5.11,4.14,31.6,2.37,"No","No",11,NA,NA,0,4.1395,"12",2.03457612293077
"299","2024-08-17","9","B",3,5,35,23,NA,5.6575,23,26,1,7.66,51,27.2,5.09,5.88,45,3.47,"No","No",26,NA,NA,0,5.6575,"26",2.37854997845326
"300","2024-08-31","9","B",3,5,23,23,NA,7.1413,23,40,1,19.59,51,28.7,5.07,6.16,60.9,4.58,"No","No",39,NA,NA,0,7.1413,"40",2.67232108849217
"301","2024-09-14","9","B",3,5,23,23,NA,8.3989,23,54,1,47.97,51,24.5,5.15,6.21,55.9,4.53,"No","No",53,NA,NA,0,8.3989,"54",2.89808557499602
"302","2024-09-28","9","B",3,5,23,22,NA,7.5867,22,68,1,21.25,51,25.5,4.48,6.16,40.5,3.23,"No","No",67,NA,NA,0,7.5867,"68",2.75439648562076
"303","2024-10-12","9","B",3,5,23,22,NA,7.2836,22,82,1,11.39,51,18,5.16,6.51,68.7,6.3,"No","No",81,NA,NA,0,7.2836,"82",2.69881455457762
"304","2024-10-26","9","B",3,5,22,20,NA,6.5636,20,96,1,8.32,51,20.8,5,6.54,68.5,5.95,"No","No",95,NA,NA,0,6.5636,"96",2.56195238050983
"305","2024-07-23","9","C",3,5,53,24,NA,1.771,24,1,1,0.37392,53,27.5,4.89,6.48,24.5,1.88,"No","No",-7,NA,NA,0,1.771,"1",1.33078923951165
"306","2024-08-03","9","C",3,5,24,15,2.7302,2.6622,15,12,1,2.4,53,28.8,5.11,4.14,31.6,2.37,"No","No",11,NA,NA,0,2.6622,"12",1.63162495690646
"307","2024-08-17","9","C",3,5,15,10,NA,3.9833,10,26,1,10.74,53,27.2,5.09,5.88,45,3.47,"No","No",26,NA,NA,0,3.9833,"26",1.99582063322334
"308","2024-08-31","9","C",3,5,10,8,NA,4.0943,8,40,1,19.93,53,28.7,5.07,6.16,60.9,4.58,"No","No",39,36,0.2328,0.2328,4.3271,"40",2.08016826242494
"309","2024-09-14","9","C",3,5,8,8,NA,4.8892,8,54,1,38.27,53,24.5,5.15,6.21,55.9,4.53,"No","No",53,43,0.2643,0.4971,5.3863,"54",2.32084036504022
"310","2024-09-28","9","C",3,5,8,4,NA,2.2716,4,68,1,22.24,53,25.5,4.48,6.16,40.5,3.23,"No","No",67,67,0.9956,1.4927,3.7643,"68",1.94018040398309
"311","2024-10-12","9","C",3,5,8,2,NA,1.3351,2,82,1,10.78,53,18,5.16,6.51,68.7,6.3,"No","No",81,81,0.4991,1.9918,3.3269,"82",1.82397916654769
"312","2024-10-26","9","C",3,5,2,2,NA,1.3746,2,96,1,8.86,53,20.8,5,6.54,68.5,5.95,"No","No",95,81,0.4991,1.9918,3.3664,"96",1.83477519058875
"313","2024-07-23","9","D",3,5,45,26,NA,1.6884,26,1,0,1.16208,45,27.5,4.89,6.48,24.5,1.88,"No","No",-7,NA,NA,0,1.6884,"1",1.29938446966246
"314","2024-08-03","9","D",3,5,26,23,3.427,2.2988,23,12,0,2.47,45,28.8,5.11,4.14,31.6,2.37,"No","No",11,NA,NA,0,2.2988,"12",1.51617940890912
"315","2024-08-17","9","D",3,5,23,7,NA,2.8127,7,26,0,10.67,45,27.2,5.09,5.88,45,3.47,"No","No",26,NA,NA,0,2.8127,"26",1.67711061054422
"316","2024-08-31","9","D",3,5,7,7,NA,4.181,7,40,0,20.17,45,28.7,5.07,6.16,60.9,4.58,"No","No",39,NA,NA,0,4.181,"40",2.04474937339518
"317","2024-09-14","9","D",3,5,7,2,NA,1.4911,2,54,0,36.97,45,24.5,5.15,6.21,55.9,4.53,"No","No",53,53,0.5153,1.0992,2.5903,"54",1.60944089670916
"318","2024-09-28","9","D",3,5,2,1,NA,0.5643,1,68,0,21.55,45,25.5,4.48,6.16,40.5,3.23,"No","No",67,67,0.2953,1.3945,1.9588,"68",1.39957136295367
"319","2024-07-24","10","A",4,5,87,36,NA,2.2448,36,1,1,0.54672,87,27.7,4.9,6.44,24.2,1.85,"No","No",-7,NA,NA,0,2.2448,"1",1.49826566402624
"320","2024-08-03","10","A",4,5,36,18,NA,3.167,18,12,1,10,87,29,5.14,5.6,30.4,2.27,"No","No",11,NA,NA,0,3.167,"12",1.77960669812181
"321","2024-08-18","10","A",4,5,18,16,NA,3.8217,16,26,1,1.75,87,25.7,5.04,6.41,37.3,2.96,"No","No",26,NA,NA,0,3.8217,"26",1.95491687802832
"322","2024-09-01","10","A",4,5,16,15,NA,4.4568,15,40,1,0.59,87,28.2,5.1,6.47,42.3,3.21,"No","No",39,NA,NA,0,4.4568,"40",2.1111134502911
"323","2024-09-14","10","A",4,5,15,15,NA,5.0909,15,54,1,1.13,87,24.1,5.13,6.67,50,4.08,"No","No",53,NA,NA,0,5.0909,"54",2.25630228471276
"324","2024-09-28","10","A",4,5,15,15,NA,5.2291,15,68,1,4.92,87,25.8,4.61,6.29,20.9,1.65,"No","No",67,67,0.3498,0.3498,5.5789,"68",2.36196951716147
"325","2024-10-12","10","A",4,5,15,15,NA,5.2124,15,82,1,0.9,87,17.9,5.15,6.83,59.5,5.47,"No","No",81,67,0.3498,0.3498,5.5622,"82",2.3584316822838
"326","2024-10-26","10","A",4,5,15,15,NA,4.8626,15,96,1,0.89,87,21.2,5.04,6.94,60.1,5.18,"No","No",95,67,0.3498,0.3498,5.2124,"96",2.28306811111714
"327","2024-07-24","10","B",4,5,8,8,NA,1.8152,8,1,0,0.66528,8,27.7,4.9,6.44,24.2,1.85,"No","No",-7,NA,NA,0,1.8152,"1",1.34729358344794
"328","2024-08-03","10","B",4,5,8,7,NA,3.0565,7,12,0,16.62,8,29,5.14,5.6,30.4,2.27,"No","No",11,NA,NA,0,3.0565,"12",1.74828487381205
"329","2024-08-18","10","B",4,5,7,7,NA,4.4314,7,26,0,1.92,8,25.7,5.04,6.41,37.3,2.96,"No","No",26,NA,NA,0,4.4314,"26",2.1050890717497
"330","2024-09-01","10","B",4,5,7,6,NA,3.9887,6,40,0,0.63,8,28.2,5.1,6.47,42.3,3.21,"No","No",39,NA,NA,0,3.9887,"40",1.99717300202061
"331","2024-09-14","10","B",4,5,6,2,NA,1.718,2,54,0,1.1,8,24.1,5.13,6.67,50,4.08,"No","No",53,53,0.421,0.421,2.139,"54",1.46253205093085
"332","2024-07-24","10","C",4,5,11,11,NA,1.6438,11,1,0,0.62688,11,27.7,4.9,6.44,24.2,1.85,"No","No",-7,NA,NA,0,1.6438,"1",1.28210763978693
"333","2024-08-03","10","C",4,5,11,10,NA,3.0467,10,12,0,14.55,11,29,5.14,5.6,30.4,2.27,"No","No",11,NA,NA,0,3.0467,"12",1.74547987671013
"334","2024-08-18","10","C",4,5,10,9,NA,4.1475,9,26,0,0.7,11,25.7,5.04,6.41,37.3,2.96,"No","No",26,NA,NA,0,4.1475,"26",2.03654118544163
"335","2024-09-01","10","C",4,5,9,7,NA,3.3759,7,40,0,0.52,11,28.2,5.1,6.47,42.3,3.21,"No","No",39,39,0.2395,0.2395,3.6154,"40",1.90142052161009
"336","2024-09-14","10","C",4,5,7,7,NA,3.6613,7,54,0,1,11,24.1,5.13,6.67,50,4.08,"No","No",53,39,0.2395,0.2395,3.9008,"54",1.97504430330056
"337","2024-09-28","10","C",4,5,2,7,NA,3.6065,7,68,0,3.17,11,25.8,4.61,6.29,20.9,1.65,"No","No",67,39,0.2395,0.2395,3.846,"68",1.96112212776257
"338","2024-10-12","10","C",4,5,7,5,NA,2.5332,5,82,0,1.34,11,17.9,5.15,6.83,59.5,5.47,"No","No",81,81,0.5078,0.7473,3.2805,"82",1.81121506177483
"339","2024-10-26","10","C",4,5,5,3,NA,1.6488,3,96,0,1.26,11,21.2,5.04,6.94,60.1,5.18,"No","No",95,95,0.2823,1.0296,2.6784,"96",1.6365818036383
"340","2024-07-24","10","D",4,5,30,27,NA,2.2181,27,1,1,0.37632,30,27.7,4.9,6.44,24.2,1.85,"No","No",-7,NA,NA,0,2.2181,"1",1.48932870784122
"341","2024-08-03","10","D",4,5,27,18,NA,2.9151,18,12,1,23.29,30,29,5.14,5.6,30.4,2.27,"No","No",11,NA,NA,0,2.9151,"12",1.70736639301586
"342","2024-08-18","10","D",4,5,18,15,NA,3.8401,15,26,1,2.43,30,25.7,5.04,6.41,37.3,2.96,"No","No",26,NA,NA,0,3.8401,"26",1.95961730957858
"343","2024-09-01","10","D",4,5,15,10,NA,3.7881,10,40,1,0.72,30,28.2,5.1,6.47,42.3,3.21,"No","No",39,NA,NA,0,3.7881,"40",1.94630418999703
"344","2024-09-14","10","D",4,5,10,13,NA,4.1029,13,54,1,0.96,30,24.1,5.13,6.67,50,4.08,"No","No",53,NA,NA,0,4.1029,"54",2.02556165050585
"345","2024-09-28","10","D",4,5,13,12,NA,4.4762,12,68,1,0.98,30,25.8,4.61,6.29,20.9,1.65,"No","No",67,NA,NA,0,4.4762,"68",2.1157031927943
"346","2024-10-12","10","D",4,5,12,8,NA,3.2448,8,82,1,0.79,30,17.9,5.15,6.83,59.5,5.47,"No","No",81,NA,NA,0,3.2448,"82",1.80133283987163
"347","2024-10-26","10","D",4,5,8,9,NA,3.4081,9,96,1,0.86,30,21.2,5.04,6.94,60.1,5.18,"No","No",95,NA,NA,0,3.4081,"96",1.84610400573749
"348","2024-07-24","15","A",5,5,4,2,NA,0.6532,2,1,0,0.20592,4,27.7,4.85,6.2,20.6,1.58,"No","No",-7,NA,NA,0,0.6532,"1",0.80820789404707
"349","2024-08-04","15","A",5,5,2,2,NA,1.3915,2,12,0,1.05,4,27.4,5.01,6.03,38.9,2.99,"No","No",12,NA,NA,0,1.3915,"12",1.179618582424
"350","2024-08-18","15","A",5,5,2,1,NA,0.804,1,26,0,7.48,4,27.4,5.11,6.41,51.7,3.97,"No","No",26,26,0.3243,0.3243,1.1283,"26",1.0622146675696
"351","2024-07-24","15","B",5,5,41,35,NA,2.8356,35,1,1,0.20112,41,27.7,4.85,6.2,20.6,1.58,"No","No",-7,NA,NA,0,2.8356,"1",1.68392398878334
"352","2024-08-04","15","B",5,5,35,26,3.8451,3.7755,26,12,1,2.82,41,27.4,5.01,6.03,38.9,2.99,"No","No",12,NA,NA,0,3.7755,"12",1.94306458976535
"353","2024-08-18","15","B",5,5,26,26,NA,5.4478,26,26,1,4.61,41,27.4,5.11,6.41,51.7,3.97,"No","No",26,NA,NA,0,5.4478,"26",2.33405227019448
"354","2024-09-01","15","B",5,5,26,25,NA,7.0265,25,40,1,7.17,41,28.3,5.1,6.44,47.4,3.59,"No","No",40,NA,NA,0,7.0265,"40",2.65075460954046
"355","2024-09-15","15","B",5,5,25,22,NA,6.6319,22,54,1,5.45,41,23.4,5.05,6.41,47.6,3.91,"No","No",54,NA,NA,0,6.6319,"54",2.57524756091526
"356","2024-09-28","15","B",5,5,22,22,NA,6.1643,22,68,1,0.93,41,25.4,4.57,6.39,30.6,2.45,"No","No",67,NA,NA,0,6.1643,"68",2.48280083776367
"357","2024-10-12","15","B",5,5,22,18,NA,4.5573,18,82,1,0.67,41,19,5.16,6.66,58.7,5.27,"No","No",81,81,0.4885,0.4885,5.0458,"82",2.24628582330922
"358","2024-10-26","15","B",5,5,18,8,NA,2.1515,8,96,1,1.76,41,21.3,4.99,6.2,53.1,5.43,"No","No",95,81,0.4885,0.4885,2.64,"96",1.62480768092719
"359","2024-07-24","15","C",5,5,66,28,NA,2.3933,28,1,1,0.10896,66,27.7,4.85,6.2,20.6,1.58,"No","No",-7,NA,NA,0,2.3933,"1",1.54702941148512
"360","2024-08-04","15","C",5,5,28,15,NA,2.509,15,12,1,3.49,66,27.4,5.01,6.03,38.9,2.99,"No","No",12,NA,NA,0,2.509,"12",1.58398232313369
"361","2024-08-18","15","C",5,5,15,14,NA,4.0726,14,26,1,4.66,66,27.4,5.11,6.41,51.7,3.97,"No","No",26,NA,NA,0,4.0726,"26",2.0180683833805
"362","2024-09-01","15","C",5,5,14,13,NA,5.1026,13,40,1,4.02,66,28.3,5.1,6.44,47.4,3.59,"No","No",40,NA,NA,0,5.1026,"40",2.25889353445442
"363","2024-09-15","15","C",5,5,13,15,NA,6.6171,15,54,1,8.32,66,23.4,5.05,6.41,47.6,3.91,"No","No",54,NA,NA,0,6.6171,"54",2.57237244581728
"364","2024-09-28","15","C",5,5,15,14,NA,5.1774,14,68,1,1.32,66,25.4,4.57,6.39,30.6,2.45,"No","No",67,NA,NA,0,5.1774,"68",2.27539007644843
"365","2024-10-12","15","C",5,5,14,13,NA,5.2514,13,82,1,0.84,66,19,5.16,6.66,58.7,5.27,"No","No",81,NA,NA,0,5.2514,"82",2.29159333215996
"366","2024-10-26","15","C",5,5,13,12,NA,4.3287,12,96,1,1.27,66,21.3,4.99,6.2,53.1,5.43,"No","No",95,NA,NA,0,4.3287,"96",2.0805528111538
"367","2024-07-24","15","D",5,5,24,16,NA,1.3923,16,1,0,0.19056,24,27.7,4.85,6.2,20.6,1.58,"No","No",-7,NA,NA,0,1.3923,"1",1.17995762635783
"368","2024-08-04","15","D",5,5,16,9,NA,2.4614,9,12,0,2.57,24,27.4,5.01,6.03,38.9,2.99,"No","No",12,NA,NA,0,2.4614,"12",1.56888495435452
"369","2024-08-18","15","D",5,5,9,9,NA,3.7669,9,26,0,6.02,24,27.4,5.11,6.41,51.7,3.97,"No","No",26,NA,NA,0,3.7669,"26",1.94085032910835
"370","2024-09-01","15","D",5,5,9,9,NA,5.2009,9,40,0,4.51,24,28.3,5.1,6.44,47.4,3.59,"No","No",40,40,0.2402,0.2402,5.4411,"40",2.33261655657333
"371","2024-09-15","15","D",5,5,9,6,NA,4.0486,6,54,0,5.72,24,23.4,5.05,6.41,47.6,3.91,"No","No",54,53,1.0519,1.6302,5.6788,"54",2.38302328985682
"372","2024-09-28","15","D",5,5,6,6,NA,3.3829,6,68,0,1.86,24,25.4,4.57,6.39,30.6,2.45,"No","No",67,53,1.0519,1.6302,5.0131,"68",2.23899531040152
"373","2024-10-12","15","D",5,5,6,2,NA,1.0731,2,82,0,1,24,19,5.16,6.66,58.7,5.27,"No","No",81,81,0.3964,2.0266,3.0997,"82",1.76059648982951
